"","lambda","mu","rho","p","phi","m","s","l_conf","u_conf","t_stat"
"1",0.01,0.01,0.01,1,5,-0.181091697886001,0.000105794796228553,-0.181167378924099,-0.181016016847903,-5412.95272623539
"2",0.255,0.01,0.01,1,5,-0.392625855446172,0.0106743731369699,-0.400261841986611,-0.384989868905733,-116.315211727213
"3",0.5,0.01,0.01,1,5,-0.0726482726465528,0.00742269877320436,-0.0779581514749045,-0.067338393818201,-30.9501997399309
"4",0.745,0.01,0.01,1,5,0.00903800647123034,0.00423689391949146,0.00600711514605701,0.0120688977964037,6.74566946907639
"5",0.99,0.01,0.01,1,5,0,0,0,0,NA
"6",0.01,0.255,0.01,1,5,-0.181272626321643,0.000109914556900917,-0.181351254458988,-0.181193998184297,-5215.27259700212
"7",0.255,0.255,0.01,1,5,-0.340936144118271,0.00968184498171269,-0.347862118788477,-0.334010169448066,-111.356332819371
"8",0.5,0.255,0.01,1,5,-0.0208639625702904,0.00578710073792277,-0.0250038050487114,-0.0167241200918695,-11.4008111706555
"9",0.745,0.255,0.01,1,5,0,0,0,0,NA
"10",0.99,0.255,0.01,1,5,0,0,0,0,NA
"11",0.01,0.5,0.01,1,5,-0.181454558821165,0.000114094228633701,-0.18153617691555,-0.181372940726781,-5029.26137954001
"12",0.255,0.5,0.01,1,5,-0.291712752728915,0.00869733725940716,-0.297934453000988,-0.285491052456842,-106.064269284614
"13",0.5,0.5,0.01,1,5,0.0256037891709291,0.00530238932147865,0.0218106883516642,0.0293968899901939,15.2697747377613
"14",0.745,0.5,0.01,1,5,0,0,0,0,NA
"15",0.99,0.5,0.01,1,5,0,0,0,0,NA
"16",0.01,0.745,0.01,1,5,-0.181637494285307,0.000118327185275507,-0.181722140454458,-0.181552848116156,-4854.2369117461
"17",0.255,0.745,0.01,1,5,-0.244840173797699,0.00783461930239944,-0.250444722821322,-0.239235624774077,-98.824535312786
"18",0.5,0.745,0.01,1,5,0.0673311895692373,0.00590339226059792,0.0631081571469648,0.0715542219915098,36.067384176466
"19",0.745,0.745,0.01,1,5,0,0,0,0,NA
"20",0.99,0.745,0.01,1,5,0,0,0,0,NA
"21",0.01,0.99,0.01,1,5,-0.181821431597925,0.000122607630670541,-0.18190913981325,-0.181733723382601,-4689.51115144663
"22",0.255,0.99,0.01,1,5,-0.200250896591027,0.00721188789419072,-0.205409970401222,-0.195091822780831,-87.8062646021693
"23",0.5,0.99,0.01,1,5,0.104840926913816,0.00708919635754775,0.0997696213416622,0.10991223248597,46.7663899163867
"24",0.745,0.99,0.01,1,5,0,0,0,0,NA
"25",0.99,0.99,0.01,1,5,0,0,0,0,NA
"26",0.01,0.01,1.8825,1,5,-0.182713685395457,0.000228328156468176,-0.182877021519014,-0.1825503492719,-2530.53068211331
"27",0.255,0.01,1.8825,1,5,-0.444233270819177,0.161299334014732,-0.559619863335085,-0.32884667830327,-8.70920488789317
"28",0.5,0.01,1.8825,1,5,-0.37736989243638,0.315238150900252,-0.602877680708298,-0.151862104164463,-3.78554555361959
"29",0.745,0.01,1.8825,1,5,-0.065103471580652,0.138935224396084,-0.164491743834975,0.0342848006736709,-1.48180747304213
"30",0.99,0.01,1.8825,1,5,-0.0391487331874959,0.09428503861456,-0.106596186690132,0.0282987203151404,-1.31303084987646
"31",0.01,0.255,1.8825,1,5,-0.253104080395795,0.00127742199155116,-0.25401789303929,-0.2521902677523,-626.563018663227
"32",0.255,0.255,1.8825,1,5,-0.0924325827327189,0.0886569742146144,-0.155853961499606,-0.0290112039658313,-3.2969486499705
"33",0.5,0.255,1.8825,1,5,0,0,0,0,NA
"34",0.745,0.255,1.8825,1,5,-0.0870519012323125,0.183555296009021,-0.218359449859855,0.0442556473952302,-1.49972399885753
"35",0.99,0.255,1.8825,1,5,-0.0955015765714487,0.201342536136799,-0.239533350262556,0.0485301971196586,-1.4999438662954
"36",0.01,0.5,1.8825,1,5,-0.327065610996655,0.00147491244702494,-0.328120699801337,-0.326010522191974,-701.243166772568
"37",0.255,0.5,1.8825,1,5,-0.0892144708345858,0.115862554202109,-0.172097549126465,-0.00633139254270686,-2.43496209821015
"38",0.5,0.5,1.8825,1,5,0,0,0,0,NA
"39",0.745,0.5,1.8825,1,5,-0.0907300618053817,0.191317866058576,-0.227590618525954,0.0461304949151911,-1.49966991302846
"40",0.99,0.5,1.8825,1,5,-0.100233194623063,0.211332471713687,-0.251411337719299,0.0509449484731726,-1.49984140910086
"41",0.01,0.745,1.8825,1,5,-0.369366859170923,0.00153486899379931,-0.370464838305397,-0.368268880036448,-761.003428879932
"42",0.255,0.745,1.8825,1,5,-0.0800851202706585,0.132312756818058,-0.174735964608474,0.0145657240671566,-1.91403605241212
"43",0.5,0.745,1.8825,1,5,0,0,0,0,NA
"44",0.745,0.745,1.8825,1,5,-0.0893193163656248,0.188302222771946,-0.224022611835163,0.045383979103913,-1.49999545733779
"45",0.99,0.745,1.8825,1,5,-0.101935529942424,0.214899046084565,-0.255665046645525,0.051793986760678,-1.49999944154012
"46",0.01,0.99,1.8825,1,5,-0.397695708267762,0.00140870575894956,-0.398703435660907,-0.396687980874616,-892.751552842211
"47",0.255,0.99,1.8825,1,5,-0.0707412528134086,0.123546649926431,-0.159121202047821,0.0176386964210036,-1.81068028600837
"48",0.5,0.99,1.8825,1,5,0,0,0,0,NA
"49",0.745,0.99,1.8825,1,5,-0.0871629299942475,0.183755590879278,-0.218613760940459,0.0442879009519645,-1.4999999999821
"50",0.99,0.99,1.8825,1,5,-0.103729008754268,0.218679951396746,-0.26016322218326,0.0527052046747237,-1.4999999999996
"51",0.01,0.01,3.755,1,5,-0.189001605467596,0.000376334968306272,-0.189270819286132,-0.188732391649059,-1588.14780724743
"52",0.255,0.01,3.755,1,5,-0.248382421884557,0.0165607273156414,-0.260229252537698,-0.236535591231416,-47.4287251358944
"53",0.5,0.01,3.755,1,5,-0.101749232531158,0.160910082966222,-0.216857371621358,0.0133589065590416,-1.99962189467084
"54",0.745,0.01,3.755,1,5,-0.0770565408996517,0.169263210371797,-0.198140147365882,0.0440270655665789,-1.43961689797549
"55",0.99,0.01,3.755,1,5,0.0212846361140653,0.0539726233933764,-0.0173250527637404,0.0598943249918709,1.24707537000289
"56",0.01,0.255,3.755,1,5,-0.350492204173765,0.00193945467084469,-0.351879606466371,-0.349104801881159,-571.476964109271
"57",0.255,0.255,3.755,1,5,-0.113377412409535,0.115369360459558,-0.195907681151698,-0.0308471436673712,-3.10767830385998
"58",0.5,0.255,3.755,1,5,-0.0702232492042363,0.148044001928218,-0.176127548371122,0.0356810499626491,-1.49999600990701
"59",0.745,0.255,3.755,1,5,-0.0907290704909781,0.191273730542369,-0.227558054565234,0.0460999135832774,-1.49999956569002
"60",0.99,0.255,3.755,1,5,-0.108496928426604,0.228738418077772,-0.272126535459344,0.0551326786061353,-1.4999553456896
"61",0.01,0.5,3.755,1,5,-0.412413615265616,0.00159821841698946,-0.413556911847459,-0.411270318683773,-816.012597802727
"62",0.255,0.5,3.755,1,5,-0.0828942891737923,0.108662969401659,-0.160627094758548,-0.00516148358903669,-2.41236513462901
"63",0.5,0.5,3.755,1,5,-0.061880502026699,0.130469615831423,-0.155212842731047,0.0314518386776489,-1.49983831800251
"64",0.745,0.5,3.755,1,5,-0.083276818009873,0.175571429222761,-0.208873052395515,0.0423194163757686,-1.49992753586578
"65",0.99,0.5,3.755,1,5,-0.117035465929987,0.247188537191914,-0.293863493087009,0.0597925612270359,-1.49723220810378
"66",0.01,0.745,3.755,1,5,-0.445694812207802,0.00182199355227032,-0.446998187878052,-0.444391436537551,-773.554190760697
"67",0.255,0.745,3.755,1,5,-0.0686245704348425,0.0935302005184454,-0.135532045292533,-0.00171709557715153,-2.32021256045481
"68",0.5,0.745,3.755,1,5,-0.054033597617423,0.113915141158419,-0.135523580539721,0.0274563853048755,-1.49996951157248
"69",0.745,0.745,3.755,1,5,-0.0773653647517215,0.163100952362256,-0.194040757394454,0.0393100278910107,-1.49999592940306
"70",0.99,0.745,3.755,1,5,-0.0951873527413885,0.20068488202824,-0.238748669024198,0.0483739635414211,-1.49990789571435
"71",0.01,0.99,3.755,1,5,-0.466666099955964,0.00175262966115113,-0.467919855687678,-0.465412344224251,-842.007764309652
"72",0.255,0.99,3.755,1,5,-0.0603139491838216,0.0847491294926804,-0.120939824241413,0.00031192587376947,-2.25051814977053
"73",0.5,0.99,3.755,1,5,-0.0465486271554005,0.0981331225282023,-0.116748834060415,0.0236515797496144,-1.49999999972208
"74",0.745,0.99,3.755,1,5,-0.0706733396950547,0.148992487003016,-0.177256144210407,0.0359094648202975,-1.49999995155889
"75",0.99,0.99,3.755,1,5,-0.0846823267180447,0.178526222618285,-0.212392292964892,0.0430276395288021,-1.49999829752811
"76",0.01,0.01,5.6275,1,5,-0.208359515248802,0.000962756594043059,-0.20904822982712,-0.207670800670485,-684.379254768657
"77",0.255,0.01,5.6275,1,5,-0.278900630020247,0.0298506036236079,-0.300254465469788,-0.257546794570706,-29.5458424506497
"78",0.5,0.01,5.6275,1,5,-0.0434277870302665,0.215292796902198,-0.197438976099994,0.110583402039461,-0.637878845611112
"79",0.745,0.01,5.6275,1,5,-0.0958528075555617,0.167563218917286,-0.215720313394716,0.0240146982835929,-1.80894825222352
"80",0.99,0.01,5.6275,1,5,-0.399209430320403,0.776546358025985,-0.954717230340659,0.156298369699854,-1.62567379292057
"81",0.01,0.255,5.6275,1,5,-0.403283816746414,0.00171352186358517,-0.404509596445062,-0.402058037047767,-744.253943592145
"82",0.255,0.255,5.6275,1,5,-0.110871618469977,0.116171509124494,-0.193975709799218,-0.0277675271407365,-3.01801056796635
"83",0.5,0.255,5.6275,1,5,-0.0738863092644924,0.155768910442535,-0.185316675085086,0.0375440565561008,-1.49997213510454
"84",0.745,0.255,5.6275,1,5,-0.0998731482721262,0.21056174121571,-0.250499943983992,0.0507536474397397,-1.4999240783637
"85",0.99,0.255,5.6275,1,5,-0.14557244517131,0.309447262495835,-0.366937681431423,0.0757927910888026,-1.48762179244522
"86",0.01,0.5,5.6275,1,5,-0.456144153097273,0.00192570236819703,-0.457521717585207,-0.454766588609339,-749.053690216133
"87",0.255,0.5,5.6275,1,5,-0.0798744551277202,0.0961047856742428,-0.14862367725662,-0.01112523299882,-2.62822713038116
"88",0.5,0.5,5.6275,1,5,-0.0606138112558039,0.127791334497257,-0.152030224911624,0.0308026024000159,-1.4999272210903
"89",0.745,0.5,5.6275,1,5,-0.0836107055302421,0.176268892898895,-0.20970587537327,0.0424844643127857,-1.49998256584534
"90",0.99,0.5,5.6275,1,5,-0.186240222491068,0.306095830889688,-0.405207989006835,0.0327275440246995,-1.92404873106729
"91",0.01,0.745,5.6275,1,5,-0.481121661319091,0.00183093324789558,-0.482431432062344,-0.479811890575837,-830.964363753378
"92",0.255,0.745,5.6275,1,5,-0.0640992526341217,0.0843879808503677,-0.124466777516352,-0.00373172775189099,-2.40199649992561
"93",0.5,0.745,5.6275,1,5,-0.0495233403144313,0.104405564722887,-0.124210582060716,0.0251639014318533,-1.4999828136451
"94",0.745,0.745,5.6275,1,5,-0.0704932118016399,0.148618865508229,-0.176808743600477,0.0358223199971971,-1.49993816808877
"95",0.99,0.745,5.6275,1,5,-0.120764120478395,0.260717317791057,-0.307270054266376,0.0657418133095858,-1.46476530049593
"96",0.01,0.99,5.6275,1,5,-0.497049832803423,0.00208213980328071,-0.498539305890896,-0.49556035971595,-754.901078106322
"97",0.255,0.99,5.6275,1,5,-0.0527317364097243,0.0770856124338957,-0.10787546161529,0.00241198879584116,-2.16321031597636
"98",0.5,0.99,5.6275,1,5,-0.0392749105276277,0.0827987814967522,-0.0985055906772855,0.0199557696220301,-1.49999999905193
"99",0.745,0.99,5.6275,1,5,-0.0563577252178514,0.118815546770042,-0.141353247136482,0.028637796700779,-1.4999617497805
"100",0.99,0.99,5.6275,1,5,-0.0831437331103873,0.175392089913226,-0.208611675882442,0.042324209661667,-1.49906173036685
"101",0.01,0.01,7.5,1,5,-0.251845643624066,0.00179923222593389,-0.253132736822333,-0.250558550425799,-442.636498593024
"102",0.255,0.01,7.5,1,5,-0.223378956706685,0.0932323701542207,-0.29007337655652,-0.15668453685685,-7.57662047394911
"103",0.5,0.01,7.5,1,5,-0.0265467943188541,0.275520792921032,-0.223642496273428,0.17054890763572,-0.304689652398241
"104",0.745,0.01,7.5,1,5,-0.47189574803984,0.636074378451069,-0.926915947375811,-0.0168755487038701,-2.34605485224654
"105",0.99,0.01,7.5,1,5,-0.316175116898565,0.805583943337489,-0.892455154104118,0.260104920306989,-1.24112889431138
"106",0.01,0.255,7.5,1,5,-0.438707605390204,0.00209342381636373,-0.440205150574363,-0.437210060206044,-662.7015748207
"107",0.255,0.255,7.5,1,5,-0.113661377640985,0.121838745166037,-0.20081956541031,-0.0265031898716613,-2.95003723855032
"108",0.5,0.255,7.5,1,5,-0.0780737213667076,0.164600196639635,-0.195821608757,0.039674166023585,-1.49994222342684
"109",0.745,0.255,7.5,1,5,-0.112275463662312,0.236720541341019,-0.281615137695724,0.0570642103711005,-1.49985374531945
"110",0.99,0.255,7.5,1,5,-0.202092618922196,0.447007764894814,-0.521862710562212,0.117677472717821,-1.42966861940969
"111",0.01,0.5,7.5,1,5,-0.481793935027687,0.00204048164483772,-0.483253607663828,-0.480334262391546,-746.669886199266
"112",0.255,0.5,7.5,1,5,-0.079346798243445,0.0967896271729182,-0.148585926467918,-0.010107670018972,-2.59239150743769
"113",0.5,0.5,7.5,1,5,-0.0605105044362763,0.127567375255344,-0.151766707301738,0.030745698429185,-1.49999963549725
"114",0.745,0.5,7.5,1,5,-0.0848614529337948,0.178930861739223,-0.21286088057023,0.0431379747026406,-1.49977189073775
"115",0.99,0.5,7.5,1,5,-0.186949943947701,0.400594683185835,-0.473518117059818,0.0996182291644171,-1.47577503179515
"116",0.01,0.745,7.5,1,5,-0.502891508381279,0.00217600867758754,-0.504448131216243,-0.501334885546314,-730.825478235494
"117",0.255,0.745,7.5,1,5,-0.0569233790041633,0.0828965533128202,-0.116224000897655,0.00237724288932799,-2.17147182328417
"118",0.5,0.745,7.5,1,5,-0.0463530919867487,0.0977232905989557,-0.11626012279089,0.0235539388173924,-1.49996327764869
"119",0.745,0.745,7.5,1,5,-0.0670105081300337,0.141300364442376,-0.168090699650059,0.0340696833899916,-1.49968355490375
"120",0.99,0.745,7.5,1,5,-0.129043337071458,0.272581276310782,-0.324036235518674,0.0659495613757579,-1.49706123449723
"121",0.01,0.99,7.5,1,5,-0.513975927037087,0.00242052810803038,-0.515707468535263,-0.512244385538912,-671.479329879078
"122",0.255,0.99,7.5,1,5,-0.0425289750600596,0.0760343894370376,-0.0969207006351074,0.0118627505149883,-1.76878421380172
"123",0.5,0.99,7.5,1,5,-0.0331952504434745,0.0699870440925163,-0.0832609657635294,0.0168704648765804,-1.49988616124907
"124",0.745,0.99,7.5,1,5,-0.055988890477201,0.118044501884138,-0.140432840111886,0.0284550591574841,-1.49987856060798
"125",0.99,0.99,7.5,1,5,-0.088037516376192,0.187307160537985,-0.222028987204795,0.0459539544524113,-1.48632369682782
"126",0.01,0.01,0.01,3.25,5,-0.445008432677805,0.000714284532879314,-0.445519401051229,-0.444497464304382,-1970.1395738907
"127",0.255,0.01,0.01,3.25,5,0.00157898266473446,0.00418152271005583,-0.00141229848337715,0.00457026381284607,1.19410605961201
"128",0.5,0.01,0.01,3.25,5,0,0,0,0,NA
"129",0.745,0.01,0.01,3.25,5,-0.00422872220931557,0.0089150532161732,-0.010606167094601,0.00214872267596992,-1.49997913072656
"130",0.99,0.01,0.01,3.25,5,-0.0372025911148572,0.0464825857232126,-0.0704542298193307,-0.00395095241038363,-2.53094618021952
"131",0.01,0.255,0.01,3.25,5,-0.444658833396852,0.000771373557852328,-0.445210640798545,-0.444107025995159,-1822.89719544235
"132",0.255,0.255,0.01,3.25,5,0.0323857814585793,0.0116843236780255,0.0240273198239072,0.0407442430932513,8.76497742065866
"133",0.5,0.255,0.01,3.25,5,0,0,0,0,NA
"134",0.745,0.255,0.01,3.25,5,-0.00415222642668011,0.00875378582928243,-0.0104143075730454,0.00210985471968521,-1.49997876634453
"135",0.99,0.255,0.01,3.25,5,-0.0383702776485083,0.0457466927773051,-0.0710954902520718,-0.0056450650449447,-2.65237691417402
"136",0.01,0.5,0.01,3.25,5,-0.444015502435165,0.000823727564386901,-0.444604761636987,-0.443426243233342,-1704.56879777263
"137",0.255,0.5,0.01,3.25,5,0,0,0,0,NA
"138",0.5,0.5,0.01,3.25,5,0,0,0,0,NA
"139",0.745,0.5,0.01,3.25,5,-0.00403682563337452,0.00851049685896257,-0.010124868334675,0.002051217067926,-1.49997864166669
"140",0.99,0.5,0.01,3.25,5,-0.0395295010095258,0.0450851407808723,-0.0717814678237824,-0.00727753419526911,-2.77260436132563
"141",0.01,0.745,0.01,3.25,5,-0.443123766145086,0.000871644730847459,-0.44374730322285,-0.442500229067321,-1607.62789790272
"142",0.255,0.745,0.01,3.25,5,0,0,0,0,NA
"143",0.5,0.745,0.01,3.25,5,0,0,0,0,NA
"144",0.745,0.745,0.01,3.25,5,-0.00388603358415173,0.00819259441780616,-0.00974666257874608,0.00197459541044262,-1.49997870798025
"145",0.99,0.745,0.01,3.25,5,-0.040687671521843,0.0445150204546163,-0.0725317988234782,-0.00884354422020784,-2.8903887583062
"146",0.01,0.99,0.01,3.25,5,-0.442021996361712,0.00091553815026853,-0.442676932900186,-0.441367059823238,-1526.74826711229
"147",0.255,0.99,0.01,3.25,5,0,0,0,0,NA
"148",0.5,0.99,0.01,3.25,5,0,0,0,0,NA
"149",0.745,0.99,0.01,3.25,5,-0.00370282817204693,0.00780635697684796,-0.0092871595459074,0.00188150320181353,-1.49997890727182
"150",0.99,0.99,0.01,3.25,5,-0.0418510328595907,0.0440537853289668,-0.0733652124288162,-0.0103368532903652,-3.00415924031472
"151",0.01,0.01,1.8825,3.25,5,-0.424609513693687,0.000909334608138267,-0.425260012485457,-0.423959014901917,-1476.61066392003
"152",0.255,0.01,1.8825,3.25,5,0,0,0,0,NA
"153",0.5,0.01,1.8825,3.25,5,-0.296976141572107,0.62608197654702,-0.744848207198781,0.150895924054568,-1.49999689062435
"154",0.745,0.01,1.8825,3.25,5,-0.322042564080141,0.678925352649801,-0.807716503736745,0.163631375576463,-1.49999996618078
"155",0.99,0.01,1.8825,3.25,5,-0.230245104435829,0.485399650251237,-0.577479096398796,0.116988887527139,-1.49999891788901
"156",0.01,0.255,1.8825,3.25,5,-0.270299054428269,0.00246958100823295,-0.272065686257362,-0.268532422599175,-346.115660321973
"157",0.255,0.255,1.8825,3.25,5,0,0,0,0,NA
"158",0.5,0.255,1.8825,3.25,5,-0.376558527801211,0.793855285631905,-0.944448388719309,0.191331333116887,-1.49999961172244
"159",0.745,0.255,1.8825,3.25,5,-0.370313072101676,0.789303150109881,-0.93494653143718,0.194320387233827,-1.48362863497052
"160",0.99,0.255,1.8825,3.25,5,-0.294225573200619,0.620289466072406,-0.737953926456371,0.149502780055133,-1.4999818763228
"161",0.01,0.5,1.8825,3.25,5,-0.209022780911452,0.00383608433186543,-0.211766950330138,-0.206278611492766,-172.308013421886
"162",0.255,0.5,1.8825,3.25,5,0,0,0,0,NA
"163",0.5,0.5,1.8825,3.25,5,-0.38406513890729,0.809680537166262,-0.963275702799213,0.195145424984633,-1.49999975677641
"164",0.745,0.5,1.8825,3.25,5,-0.385617597131818,0.813962112628007,-0.967891015598735,0.196655821335099,-1.49814087641086
"165",0.99,0.5,1.8825,3.25,5,-0.308419119674317,0.650205667003781,-0.773548233866735,0.1567099945181,-1.49999752633534
"166",0.01,0.745,1.8825,3.25,5,-0.184141540025249,0.0051808151507787,-0.187847671921916,-0.180435408128582,-112.396729353164
"167",0.255,0.745,1.8825,3.25,5,0,0,0,0,NA
"168",0.5,0.745,1.8825,3.25,5,-0.38542442435006,0.8125461131675,-0.966684897824052,0.195836049123933,-1.49999984869068
"169",0.745,0.745,1.8825,3.25,5,-0.388779093853345,0.819601042073616,-0.97508635944146,0.197528171734769,-1.50003157648806
"170",0.99,0.745,1.8825,3.25,5,-0.321753848570889,0.688342497915207,-0.81416440812763,0.170656710985852,-1.47815224323729
"171",0.01,0.99,1.8825,3.25,5,-0.172112222456295,0.00656718065697213,-0.176810100492017,-0.167414344420573,-82.876757096311
"172",0.255,0.99,1.8825,3.25,5,0,0,0,0,NA
"173",0.5,0.99,1.8825,3.25,5,-0.385803061391183,0.813344334508842,-0.967634548014197,0.196028425231831,-1.49999987766392
"174",0.745,0.99,1.8825,3.25,5,-0.388979487268286,0.82003413766604,-0.975596570779387,0.197637596242814,-1.50001211699945
"175",0.99,0.99,1.8825,3.25,5,-0.345882991346565,0.728568518700339,-0.86706951267167,0.17530352997854,-1.50126999519359
"176",0.01,0.01,3.755,3.25,5,-0.418489350973399,0.000964801739711223,-0.419179528560794,-0.417799173386004,-1371.65955566959
"177",0.255,0.01,3.755,3.25,5,-0.134997906844119,0.285034313316006,-0.338899171313331,0.068903357625092,-1.49771745028242
"178",0.5,0.01,3.755,3.25,5,-0.311677240725309,0.657073521342652,-0.781719321948238,0.15836484049762,-1.49999953355994
"179",0.745,0.01,3.755,3.25,5,-0.30984904569286,0.653219143488836,-0.777133871099841,0.157435779714122,-1.49999999997821
"180",0.99,0.01,3.755,3.25,5,-0.288550603877362,0.541709264924917,-0.676066067569694,0.0989648598149698,-1.68444069088601
"181",0.01,0.255,3.755,3.25,5,-0.246597882058662,0.00277144234276709,-0.24858045247806,-0.244615311639264,-281.373695366276
"182",0.255,0.255,3.755,3.25,5,-0.266707563146276,0.562564160845085,-0.669141720658399,0.135726594365847,-1.49921276084927
"183",0.5,0.255,3.755,3.25,5,-0.377651732073366,0.796160096698314,-0.947190355504777,0.191886891358045,-1.49999936019404
"184",0.745,0.255,3.755,3.25,5,-0.375728894027081,0.792106225164449,-0.942367552460824,0.190909764406662,-1.49999968453087
"185",0.99,0.255,3.755,3.25,5,-0.223664289272327,0.470772434641418,-0.560434601533689,0.113106022989035,-1.50240016895223
"186",0.01,0.5,3.755,3.25,5,-0.18936533264185,0.00415842573503659,-0.192340091209375,-0.186390574074326,-144.002995166729
"187",0.255,0.5,3.755,3.25,5,-0.292376949044643,0.616591975692889,-0.733460277022647,0.148706378933362,-1.49949582667384
"188",0.5,0.5,3.755,3.25,5,-0.38211553267908,0.80557039876885,-0.958385880683919,0.19415481532576,-1.49999976965529
"189",0.745,0.5,3.755,3.25,5,-0.381308185242914,0.803868245672353,-0.956360886275154,0.193744515789327,-1.49999998423185
"190",0.99,0.5,3.755,3.25,5,-0.252255478403251,0.55058727059859,-0.646121884765492,0.141610927958989,-1.44882002655535
"191",0.01,0.745,3.755,3.25,5,-0.168520209718451,0.00553972262792316,-0.172483088557497,-0.164557330879404,-96.1975409731541
"192",0.255,0.745,3.755,3.25,5,-0.302028264269644,0.636886666154653,-0.757629539224008,0.153573010684721,-1.49963452462577
"193",0.5,0.745,3.755,3.25,5,-0.387175707215947,0.816238197773407,-0.971077338910203,0.196725924478309,-1.49999974618778
"194",0.745,0.745,3.755,3.25,5,-0.388421114168859,0.818863887628374,-0.974201051233803,0.197358822896084,-1.49999948786523
"195",0.99,0.745,3.755,3.25,5,-0.290785352534337,0.613030074439738,-0.729320649852515,0.147749944783841,-1.4999982261293
"196",0.01,0.99,3.755,3.25,5,-0.159072738476679,0.00702935350129062,-0.164101235048336,-0.154044241905022,-71.5616545866202
"197",0.255,0.99,3.755,3.25,5,-0.305478306755785,0.64413841466573,-0.766267170087911,0.15531055657634,-1.49968889158891
"198",0.5,0.99,3.755,3.25,5,-0.388892537454362,0.819857457616497,-0.975383231671875,0.197598156763151,-1.49999999630836
"199",0.745,0.99,3.755,3.25,5,-0.389048038578672,0.820125725372995,-0.975730639988445,0.197634562831101,-1.50010892606756
"200",0.99,0.99,3.755,3.25,5,-0.324439519147172,0.682533678476808,-0.812694699603117,0.163815661308774,-1.50317541218552
"201",0.01,0.01,5.6275,3.25,5,-0.416275138988692,0.00105848767524581,-0.417032335457064,-0.41551794252032,-1243.63996227139
"202",0.255,0.01,5.6275,3.25,5,-0.213852300800022,0.45098749921472,-0.536469322869712,0.108764721269668,-1.49951019612085
"203",0.5,0.01,5.6275,3.25,5,-0.322427694723664,0.679737268726963,-0.808682444153134,0.163827054705806,-1.49999998963392
"204",0.745,0.01,5.6275,3.25,5,-0.322856048944588,0.68064031420253,-0.809756798191411,0.164044700302235,-1.49999999959436
"205",0.99,0.01,5.6275,3.25,5,-0.318085343258346,0.593100253006828,-0.742363705179728,0.106193018663037,-1.69595978068361
"206",0.01,0.255,5.6275,3.25,5,-0.257692282429714,0.00259587031177985,-0.25954925618425,-0.255835308675178,-313.9195915248
"207",0.255,0.255,5.6275,3.25,5,-0.334976227217929,0.706224736392085,-0.840178969563319,0.170226515127461,-1.49993024236218
"208",0.5,0.255,5.6275,3.25,5,-0.373074006489217,0.786509369792619,-0.935708915781002,0.189560902802568,-1.49999941719885
"209",0.745,0.255,5.6275,3.25,5,-0.374751881816732,0.790046672966967,-0.939917225362799,0.190413461729335,-1.4999993601956
"210",0.99,0.255,5.6275,3.25,5,-0.243406476942563,0.446871453507998,-0.563079057290658,0.076266103405533,-1.72246147820221
"211",0.01,0.5,5.6275,3.25,5,-0.235857683923106,0.00461563346789742,-0.239159509199795,-0.232555858646416,-161.591575682211
"212",0.255,0.5,5.6275,3.25,5,-0.354641444519912,0.74766548421053,-0.889489112005815,0.180206222965992,-1.49996855687319
"213",0.5,0.5,5.6275,3.25,5,-0.379153576298247,0.799326003333375,-0.950956952904708,0.192649800308213,-1.49999984874861
"214",0.745,0.5,5.6275,3.25,5,-0.380305117590955,0.801753591528895,-0.953845086177933,0.193234850996024,-1.49999998766734
"215",0.99,0.5,5.6275,3.25,5,-0.234128125582384,0.511104725866713,-0.59975042090538,0.131494169740613,-1.44858402530081
"216",0.01,0.745,5.6275,3.25,5,-0.217819079064518,0.00634108052443633,-0.222355214808989,-0.213282943320046,-108.625715290913
"217",0.255,0.745,5.6275,3.25,5,-0.361212069349595,0.76150843423785,-0.905962386736549,0.183538248037358,-1.49998713885636
"218",0.5,0.745,5.6275,3.25,5,-0.386618220726442,0.815062850402736,-0.969679059562174,0.19644261810929,-1.49999986113116
"219",0.745,0.745,5.6275,3.25,5,-0.388348160821751,0.818710097026647,-0.974018082717676,0.197321761074174,-1.49999947208924
"220",0.99,0.745,5.6275,3.25,5,-0.279988169910795,0.590266892635963,-0.702239667923776,0.142263328102186,-1.49999999299705
"221",0.01,0.99,5.6275,3.25,5,-0.20380705220009,0.00811372505129904,-0.209611261448684,-0.198002842951496,-79.4326260850961
"222",0.255,0.99,5.6275,3.25,5,-0.363030459886136,0.765337053744456,-0.910519606677475,0.184458686905202,-1.49999677611571
"223",0.5,0.99,5.6275,3.25,5,-0.389052319978128,0.820175980359097,-0.975770871639268,0.197666231683013,-1.50003351666658
"224",0.745,0.99,5.6275,3.25,5,-0.389029800279644,0.820086922893162,-0.9756846440675,0.197625043508211,-1.50010957646298
"225",0.99,0.99,5.6275,3.25,5,-0.324596493967341,0.684311252490383,-0.814123274269772,0.16493028633509,-1.49999614606122
"226",0.01,0.01,7.5,3.25,5,-0.412569469340098,0.00111453398670642,-0.413366758924427,-0.411772179755768,-1170.58719762969
"227",0.255,0.01,7.5,3.25,5,-0.268438984591436,0.565984961484946,-0.673320235465232,0.136442266282361,-1.49982536967876
"228",0.5,0.01,7.5,3.25,5,-0.330599489520117,0.696965035665588,-0.829178241003586,0.167979261963352,-1.49999975131343
"229",0.745,0.01,7.5,3.25,5,-0.332418752320761,0.70080026293826,-0.833741060119704,0.168903555478181,-1.49999999982534
"230",0.99,0.01,7.5,3.25,5,-0.377680410768256,0.651507543178495,-0.843740831072973,0.0883800095364614,-1.83317958197218
"231",0.01,0.255,7.5,3.25,5,-0.346760154784489,0.00399669593686883,-0.349619218823993,-0.343901090744985,-274.364602219553
"232",0.255,0.255,7.5,3.25,5,-0.354076341201121,0.746468858916712,-0.888067994519233,0.17991531211699,-1.49997912223609
"233",0.5,0.255,7.5,3.25,5,-0.372192727737618,0.784651491618445,-0.933498591047056,0.18911313557182,-1.49999937650553
"234",0.745,0.255,7.5,3.25,5,-0.373910221847103,0.788272393452924,-0.937806322289677,0.189985878595471,-1.49999917703107
"235",0.99,0.255,7.5,3.25,5,-0.221109882127995,0.417006010287498,-0.519418011418431,0.0771982471624406,-1.67674043885786
"236",0.01,0.5,7.5,3.25,5,-0.28676776317671,0.00634077911587311,-0.291303683306485,-0.282231843046936,-143.01701330047
"237",0.255,0.5,7.5,3.25,5,-0.371858738998114,0.783950531230587,-0.932663165453286,0.188945687457057,-1.49999334935873
"238",0.5,0.5,7.5,3.25,5,-0.378794937701332,0.798569925070154,-0.950057448500743,0.192467573098079,-1.49999985182583
"239",0.745,0.5,7.5,3.25,5,-0.379948280592493,0.801001318938338,-0.952950105786644,0.193053544601658,-1.49999997669108
"240",0.99,0.5,7.5,3.25,5,-0.325755950556988,0.61125886022396,-0.763024197553955,0.111512296439979,-1.68526107701056
"241",0.01,0.745,7.5,3.25,5,-0.2459818019326,0.00790710913296292,-0.251638207057129,-0.240325396808072,-98.3751133289275
"242",0.255,0.745,7.5,3.25,5,-0.376336115877724,0.793388114849254,-0.943891782950184,0.191219551194737,-1.49999636959621
"243",0.5,0.745,7.5,3.25,5,-0.386551465399542,0.814922123799558,-0.969511634487837,0.196408703688753,-1.49999985009486
"244",0.745,0.745,7.5,3.25,5,-0.388265409937963,0.818535660658805,-0.973810547573499,0.197279727697574,-1.49999943933381
"245",0.99,0.745,7.5,3.25,5,-0.35163114673673,0.741746216606916,-0.8822444252641,0.17898213179064,-1.49910480842294
"246",0.01,0.99,7.5,3.25,5,-0.216125045878515,0.00928656042194717,-0.222768251009069,-0.209481840747961,-73.5953219847991
"247",0.255,0.99,7.5,3.25,5,-0.3771058087921,0.795010414231542,-0.945821998931232,0.191610381347032,-1.49999704823448
"248",0.5,0.99,7.5,3.25,5,-0.389052537600213,0.820177817429717,-0.975772403422507,0.197667328222082,-1.50003099588876
"249",0.745,0.99,7.5,3.25,5,-0.38904958980681,0.820139827963407,-0.975742279602027,0.197643099988406,-1.5000891123637
"250",0.99,0.99,7.5,3.25,5,-0.378078773064117,0.795590254114253,-0.947209755667704,0.19105220953947,-1.50277112076442
"251",0.01,0.01,0.01,5.5,5,-0.5061881122099,0.000968738200633534,-0.506881105771801,-0.505495118648,-1652.36320611425
"252",0.255,0.01,0.01,5.5,5,0,0,0,0,NA
"253",0.5,0.01,0.01,5.5,5,0,0,0,0,NA
"254",0.745,0.01,0.01,5.5,5,-0.0176877336448311,0.0275286953159053,-0.0373805759514262,0.00200510866176405,-2.0318262206833
"255",0.99,0.01,0.01,5.5,5,-0.109444772101055,0.121087603497872,-0.196065625490695,-0.0228239187114145,-2.85821791694364
"256",0.01,0.255,0.01,5.5,5,-0.505250138248181,0.00104674048892393,-0.505998931285692,-0.50450134521067,-1526.39669706645
"257",0.255,0.255,0.01,5.5,5,0,0,0,0,NA
"258",0.5,0.255,0.01,5.5,5,0,0,0,0,NA
"259",0.745,0.255,0.01,5.5,5,-0.0181642540642696,0.027817732002403,-0.0380638607606298,0.00173535263209055,-2.06488490276995
"260",0.99,0.255,0.01,5.5,5,-0.105052750738662,0.11331469326263,-0.186113199112032,-0.0239923023652922,-2.93171130093565
"261",0.01,0.5,0.01,5.5,5,-0.503501473643267,0.00111203746715582,-0.504296977325095,-0.502705969961439,-1431.79659767782
"262",0.255,0.5,0.01,5.5,5,0,0,0,0,NA
"263",0.5,0.5,0.01,5.5,5,0,0,0,0,NA
"264",0.745,0.5,0.01,5.5,5,-0.0185854739205053,0.0279976916282583,-0.0386138159780169,0.00144286813700639,-2.09918838177131
"265",0.99,0.5,0.01,5.5,5,-0.101492332272442,0.10653414919959,-0.177702271624078,-0.0252823929208053,-3.0126202483885
"266",0.01,0.745,0.01,5.5,5,-0.501188538031336,0.00116782792197959,-0.502023951800309,-0.500353124262362,-1357.13257708583
"267",0.255,0.745,0.01,5.5,5,0,0,0,0,NA
"268",0.5,0.745,0.01,5.5,5,0,0,0,0,NA
"269",0.745,0.745,0.01,5.5,5,-0.0189567031426334,0.028083783642171,-0.0390466317168465,0.00113322543157962,-2.13455421898269
"270",0.99,0.745,0.01,5.5,5,-0.0987946606452072,0.100804482174359,-0.170905843121432,-0.0266834781689827,-3.09922874026451
"271",0.01,0.99,0.01,5.5,5,-0.498485924168546,0.00121666750091498,-0.499356275667596,-0.497615572669496,-1295.62998988721
"272",0.255,0.99,0.01,5.5,5,0,0,0,0,NA
"273",0.5,0.99,0.01,5.5,5,0,0,0,0,NA
"274",0.745,0.99,0.01,5.5,5,-0.0192817352200626,0.0280900222780425,-0.0393761266455302,0.000812656205404884,-2.17067113483026
"275",0.99,0.99,0.01,5.5,5,-0.0969645862510491,0.0961720445600776,-0.165761922488419,-0.0281672500136791,-3.18833759157127
"276",0.01,0.01,1.8825,5.5,5,-0.487319667242018,0.00113521282426621,-0.488131749575604,-0.486507584908433,-1357.49003547087
"277",0.255,0.01,1.8825,5.5,5,-0.0565989621432488,0.120884124378239,-0.143074255339439,0.0298763310529413,-1.48060495532307
"278",0.5,0.01,1.8825,5.5,5,-0.334844962517808,0.705915363489447,-0.839826392820776,0.17013646778516,-1.49999957410732
"279",0.745,0.01,1.8825,5.5,5,-0.320187773880829,0.675015101228893,-0.803064488179405,0.162688940417747,-1.49999998897662
"280",0.99,0.01,1.8825,5.5,5,-0.247956979869539,0.440977896231644,-0.563413563319261,0.0674996035801822,-1.77811365337091
"281",0.01,0.255,1.8825,5.5,5,-0.361014792887113,0.00321223461866223,-0.363312687105172,-0.358716898669055,-355.400258718548
"282",0.255,0.255,1.8825,5.5,5,-0.0851881853977992,0.182843776006051,-0.215986743277481,0.0456103724818825,-1.47332712919267
"283",0.5,0.255,1.8825,5.5,5,-0.38234296363759,0.806049804118217,-0.958956257569858,0.194270330294678,-1.49999988369999
"284",0.745,0.255,1.8825,5.5,5,-0.356967892386,0.758799380920614,-0.899780269773826,0.185844485001826,-1.48765486619149
"285",0.99,0.255,1.8825,5.5,5,-0.280306575956797,0.590974176385852,-0.703064034284741,0.142450882371148,-1.49990855534054
"286",0.01,0.5,1.8825,5.5,5,-0.319237813666216,0.00471785106867939,-0.322612761009537,-0.315862866322895,-213.978481249568
"287",0.255,0.5,1.8825,5.5,5,-0.0942663239675958,0.201774179748886,-0.238606876897527,0.050074228962336,-1.47737580080818
"288",0.5,0.5,1.8825,5.5,5,-0.386717703634371,0.815272534693936,-0.969928541575886,0.196493134307145,-1.49999994229375
"289",0.745,0.5,1.8825,5.5,5,-0.369055941416553,0.780745000497862,-0.927567269324769,0.189455386491663,-1.49479965692995
"290",0.99,0.5,1.8825,5.5,5,-0.289032989924125,0.609336205896625,-0.724925852870238,0.146859873021989,-1.49999714155143
"291",0.01,0.745,1.8825,5.5,5,-0.304030196750316,0.0059843913397615,-0.308311172423245,-0.299749221077386,-160.655920479698
"292",0.255,0.745,1.8825,5.5,5,-0.100894822410477,0.215375267833745,-0.254965007630628,0.0531753628096746,-1.48140241980614
"293",0.5,0.745,1.8825,5.5,5,-0.38738760975988,0.816684802714158,-0.971608723382743,0.196833503862982,-1.49999997563131
"294",0.745,0.745,1.8825,5.5,5,-0.378711465754117,0.79926234746853,-0.950469305698055,0.193046374189821,-1.49837010538147
"295",0.99,0.745,1.8825,5.5,5,-0.30298318455999,0.63874515197524,-0.75991394018076,0.15394757106078,-1.49999879134561
"296",0.01,0.99,1.8825,5.5,5,-0.297193447500736,0.00727682773989135,-0.302398976478026,-0.291987918523445,-129.150810404375
"297",0.255,0.99,1.8825,5.5,5,-0.103148031733036,0.219994222632134,-0.260522418166581,0.0542263547005092,-1.48268764759859
"298",0.5,0.99,1.8825,5.5,5,-0.387660524569033,0.81726015258859,-0.97229321869792,0.196972169559854,-1.49999998493861
"299",0.745,0.99,1.8825,5.5,5,-0.384153240415136,0.809621014927099,-0.963321224662215,0.195014743831943,-1.50045414811208
"300",0.99,0.99,1.8825,5.5,5,-0.322115572954262,0.678891481633039,-0.807765282745113,0.163534136836589,-1.50041487911347
"301",0.01,0.01,3.755,5.5,5,-0.4823702202053,0.00116783704919987,-0.483205640503494,-0.481534799907107,-1306.16559247784
"302",0.255,0.01,3.755,5.5,5,-0.168983455265677,0.356488724760098,-0.424000126423489,0.0860332158921347,-1.49898879939141
"303",0.5,0.01,3.755,5.5,5,-0.337688449981468,0.711909847163211,-0.846958075578191,0.171581175615256,-1.49999981841586
"304",0.745,0.01,3.755,5.5,5,-0.330924366060955,0.663850419841499,-0.805814348426096,0.143965616304186,-1.57637127088026
"305",0.99,0.01,3.755,5.5,5,-0.299143438137193,0.525156560099946,-0.674817810120488,0.0765309338461013,-1.80131923216797
"306",0.01,0.255,3.755,5.5,5,-0.450013356591642,0.00372914640584417,-0.452681027226439,-0.447345685956846,-381.606681383429
"307",0.255,0.255,3.755,5.5,5,-0.278016759422734,0.586201797464404,-0.697360263531312,0.141326744685845,-1.49976713015504
"308",0.5,0.255,3.755,5.5,5,-0.376296516484979,0.793302770045917,-0.943791131562983,0.191198098593026,-1.49999988984125
"309",0.745,0.255,3.755,5.5,5,-0.343708623993636,0.715818822957681,-0.855774562420206,0.168357314432934,-1.51840391507356
"310",0.99,0.255,3.755,5.5,5,-0.270957210902928,0.5728241511155,-0.680730923310184,0.138816501504328,-1.49582019757944
"311",0.01,0.5,3.755,5.5,5,-0.400691700769203,0.00581946222296716,-0.404854693259438,-0.396528708278968,-217.734623133488
"312",0.255,0.5,3.755,5.5,5,-0.2927994924042,0.617321007702328,-0.73440433846483,0.148805353656431,-1.49988949377358
"313",0.5,0.5,3.755,5.5,5,-0.382554129610175,0.806494920116907,-0.959485840346064,0.194377581125714,-1.49999999714326
"314",0.745,0.5,3.755,5.5,5,-0.353747064092251,0.748500416271918,-0.889192005994285,0.181697877809783,-1.4945167882481
"315",0.99,0.5,3.755,5.5,5,-0.223707507540518,0.471630092993367,-0.561091351626909,0.113676336545874,-1.49995783563641
"316",0.01,0.745,3.755,5.5,5,-0.367951968863953,0.0078501555339398,-0.373567631838101,-0.362336305889805,-148.222068482952
"317",0.255,0.745,3.755,5.5,5,-0.29761651419696,0.627477153060553,-0.746486628977638,0.151253600583719,-1.4998889593856
"318",0.5,0.745,3.755,5.5,5,-0.387440620301397,0.81637854572557,-0.971442650872472,0.196561410269677,-1.5007680256124
"319",0.745,0.745,3.755,5.5,5,-0.369357882583603,0.781037767290505,-0.928078643238775,0.189362878071568,-1.49546184527436
"320",0.99,0.745,3.755,5.5,5,-0.267613970068189,0.564182938744561,-0.671206131529935,0.135978191393557,-1.49999161792938
"321",0.01,0.99,3.755,5.5,5,-0.344079257425069,0.00981193624454289,-0.351098293778546,-0.337060221071591,-110.892908592611
"322",0.255,0.99,3.755,5.5,5,-0.29931735848832,0.631065460575414,-0.750754393830501,0.15211967685386,-1.49988338006199
"323",0.5,0.99,3.755,5.5,5,-0.389083465610443,0.820204220277301,-0.975822218892095,0.197655287671208,-1.5001019512248
"324",0.745,0.99,3.755,5.5,5,-0.381304036017027,0.803440976793443,-0.956051087306033,0.193443015271979,-1.50078135128361
"325",0.99,0.99,3.755,5.5,5,-0.304455489887132,0.640892731483031,-0.762922531339922,0.154011551565657,-1.50223703108293
"326",0.01,0.01,5.6275,5.5,5,-0.455435968000737,0.00152371067125337,-0.456525964952119,-0.454345971049355,-945.202402540902
"327",0.255,0.01,5.6275,5.5,5,-0.241694235811021,0.509735515378045,-0.606337056955221,0.12294858533318,-1.49941343979105
"328",0.5,0.01,5.6275,5.5,5,-0.342248120616152,0.721522391381085,-0.85839414610308,0.173897904870777,-1.49999999859664
"329",0.745,0.01,5.6275,5.5,5,-0.352667833936554,0.708477143850367,-0.859481851512286,0.154146183639178,-1.57412786340088
"330",0.99,0.01,5.6275,5.5,5,-0.270721625789215,0.570731746812017,-0.678998522327892,0.137555270749463,-1.49999882456105
"331",0.01,0.255,5.6275,5.5,5,-0.528175271165361,0.00444525351968976,-0.531355213969462,-0.524995328361261,-375.734894143038
"332",0.255,0.255,5.6275,5.5,5,-0.324423176724838,0.684011196581019,-0.813735309960328,0.164888956510652,-1.49985288154022
"333",0.5,0.255,5.6275,5.5,5,-0.373063535314642,0.786487024494741,-0.935682459743274,0.18955538911399,-1.4999999323661
"334",0.745,0.255,5.6275,5.5,5,-0.386516503441345,0.75384836886492,-0.925787140163586,0.152754133280897,-1.6213771291425
"335",0.99,0.255,5.6275,5.5,5,-0.175724657787358,0.372145941908041,-0.441941827360233,0.0904925117855166,-1.49320494215952
"336",0.01,0.5,5.6275,5.5,5,-0.438541613924397,0.00676493961645709,-0.443380960197504,-0.43370226765129,-204.996707641508
"337",0.255,0.5,5.6275,5.5,5,-0.341429845544303,0.719824083761786,-0.856360974947302,0.173501283858697,-1.49994421892224
"338",0.5,0.5,5.6275,5.5,5,-0.380901766330992,0.803011431840236,-0.955341539671296,0.193538007009312,-1.49999999828996
"339",0.745,0.5,5.6275,5.5,5,-0.387317987386765,0.796669622357088,-0.957221103516949,0.18258512874342,-1.53740896417104
"340",0.99,0.5,5.6275,5.5,5,-0.204657162401966,0.420233997309335,-0.505274454500857,0.0959601296969248,-1.5400533436156
"341",0.01,0.745,5.6275,5.5,5,-0.387523072345114,0.00880972281008141,-0.393825168396993,-0.381220976293235,-139.102623419027
"342",0.255,0.745,5.6275,5.5,5,-0.344134311932113,0.725512116712771,-0.863134414987988,0.174865791123763,-1.49997253202481
"343",0.5,0.745,5.6275,5.5,5,-0.387274951479877,0.815751176882837,-0.970828189416712,0.196278286456958,-1.50128000070725
"344",0.745,0.745,5.6275,5.5,5,-0.385501526145012,0.81270981167585,-0.96687910247745,0.195876050187426,-1.49999771945095
"345",0.99,0.745,5.6275,5.5,5,-0.260937327044396,0.562877529701244,-0.663595655131889,0.141721001043097,-1.46596059795549
"346",0.01,0.99,5.6275,5.5,5,-0.355234637089634,0.0115497608902334,-0.363496838304772,-0.346972435874495,-97.261802011545
"347",0.255,0.99,5.6275,5.5,5,-0.346829300555254,0.731181118481893,-0.86988476317663,0.176226162066123,-1.49999845635355
"348",0.5,0.99,5.6275,5.5,5,-0.389142590314586,0.820309175091695,-0.97595642374753,0.197671243118357,-1.50013794473811
"349",0.745,0.99,5.6275,5.5,5,-0.383495465612418,0.808479654249624,-0.961846969616661,0.194856038391826,-1.4999995823118
"350",0.99,0.99,5.6275,5.5,5,-0.300143753365048,0.634271362081996,-0.753874152489823,0.153586645759728,-1.49642241924629
"351",0.01,0.01,7.5,5.5,5,-0.469243030724063,0.00214711989573179,-0.470778987769422,-0.467707073678705,-691.101021511736
"352",0.255,0.01,7.5,5.5,5,-0.294028769060373,0.619948785302453,-0.737513413974607,0.149455875853862,-1.49980228994691
"353",0.5,0.01,7.5,5.5,5,-0.355601429539327,0.734608145451253,-0.881108439570184,0.169905580491529,-1.53076230303081
"354",0.745,0.01,7.5,5.5,5,-0.33682101852588,0.710357896685802,-0.844980445630864,0.171338408579105,-1.49941541767735
"355",0.99,0.01,7.5,5.5,5,-0.344558350503021,0.57576436335329,-0.7564353640396,0.0673186630335584,-1.89242204584238
"356",0.01,0.255,7.5,5.5,5,-0.558236223502257,0.00411879072926846,-0.561182628894687,-0.555289818109827,-428.596171719432
"357",0.255,0.255,7.5,5.5,5,-0.351537185283793,0.741108059449678,-0.881693953681638,0.178619583114052,-1.49999473567578
"358",0.5,0.255,7.5,5.5,5,-0.371972558145868,0.784187042030813,-0.932946174235318,0.189001057943582,-1.49999993340127
"359",0.745,0.255,7.5,5.5,5,-0.375197615431091,0.790987231515109,-0.941035794030042,0.190640563167859,-1.49999771191442
"360",0.99,0.255,7.5,5.5,5,-0.133103037347543,0.282714438528481,-0.33534476336651,0.069138688671425,-1.48881239916683
"361",0.01,0.5,7.5,5.5,5,-0.453138502566097,0.0062176746902349,-0.457586359094835,-0.448690646037358,-230.463933064466
"362",0.255,0.5,7.5,5.5,5,-0.359605703685138,0.758124806725926,-0.901935519764204,0.182724112393928,-1.49998136605461
"363",0.5,0.5,7.5,5.5,5,-0.380510964603817,0.802187549924534,-0.95436136832602,0.193339439118386,-1.49999999741827
"364",0.745,0.5,7.5,5.5,5,-0.382023522305451,0.805404924710399,-0.958175497299818,0.194128452688917,-1.49994668915111
"365",0.99,0.5,7.5,5.5,5,-0.199447103454434,0.405351867857251,-0.489418361474227,0.0905241545653583,-1.55594970604986
"366",0.01,0.745,7.5,5.5,5,-0.396853767713447,0.00810795021584878,-0.402653845893621,-0.391053689533274,-154.781636613997
"367",0.255,0.745,7.5,5.5,5,-0.368151819916462,0.776132201101248,-0.923363349920453,0.187059710087529,-1.49999996652669
"368",0.5,0.745,7.5,5.5,5,-0.387210275347913,0.815659834322377,-0.970698170753313,0.196277620057487,-1.50119737664611
"369",0.745,0.745,7.5,5.5,5,-0.384843900269785,0.811323337813828,-0.965229652950077,0.195541852410507,-1.49999785751814
"370",0.99,0.745,7.5,5.5,5,-0.266040266026968,0.573242206104673,-0.676113036957805,0.144032504903869,-1.46760510828248
"371",0.01,0.99,7.5,5.5,5,-0.363042349495916,0.00949928881405543,-0.36983773135086,-0.356246967640972,-120.855438125779
"372",0.255,0.99,7.5,5.5,5,-0.371899868552504,0.78403384592511,-0.932763894749772,0.188964157644764,-1.49999984344486
"373",0.5,0.99,7.5,5.5,5,-0.389146492044453,0.820314707643257,-0.975964283226364,0.197671299137458,-1.50014286816887
"374",0.745,0.99,7.5,5.5,5,-0.383748384483278,0.809013302832775,-0.96248163768684,0.194984868720285,-1.49999875048781
"375",0.99,0.99,7.5,5.5,5,-0.309965761712317,0.649744678484824,-0.774765104584125,0.154833581159491,-1.50858919839977
"376",0.01,0.01,0.01,7.75,5,-0.532141543361325,0.00109650110022774,-0.532925932995778,-0.531357153726873,-1534.68091757458
"377",0.255,0.01,0.01,7.75,5,0,0,0,0,NA
"378",0.5,0.01,0.01,7.75,5,-9.69106636454664e-05,0.000257655031971002,-0.000281225970124015,8.74046428330823e-05,-1.18941370690032
"379",0.745,0.01,0.01,7.75,5,-0.0296798247610935,0.0405299650755217,-0.0586732151766178,-0.000686434345569159,-2.31571496853825
"380",0.99,0.01,0.01,7.75,5,-0.173861711773342,0.194829008020358,-0.31323398814412,-0.0344894354025649,-2.82195661049623
"381",0.01,0.255,0.01,7.75,5,-0.530658120074017,0.00118185552042832,-0.531503568582415,-0.529812671565619,-1419.87602485357
"382",0.255,0.255,0.01,7.75,5,0,0,0,0,NA
"383",0.5,0.255,0.01,7.75,5,0.00062038452584236,0.0013198463746614,-0.000323776693092015,0.00156454574477674,1.48640642157217
"384",0.745,0.255,0.01,7.75,5,-0.030921788008517,0.0397170026536615,-0.059333620141269,-0.00250995587576509,-2.46200047582849
"385",0.99,0.255,0.01,7.75,5,-0.161215102344334,0.175865006607556,-0.287021349339627,-0.0354088553490424,-2.89885365178352
"386",0.01,0.5,0.01,7.75,5,-0.527960814715227,0.00124883374775737,-0.528854176561094,-0.527067452869359,-1336.89427661322
"387",0.255,0.5,0.01,7.75,5,0,0,0,0,NA
"388",0.5,0.5,0.01,7.75,5,0.000669596988626475,0.00211745159844952,-0.000845136635383014,0.00218433061263596,1
"389",0.745,0.5,0.01,7.75,5,-0.0323072623787956,0.0389866152472396,-0.0601966068363297,-0.00441791792126152,-2.62050279137523
"390",0.99,0.5,0.01,7.75,5,-0.150604384814847,0.159270479552209,-0.264539622279779,-0.0366691473499151,-2.99021440107661
"391",0.01,0.745,0.01,7.75,5,-0.524571489534117,0.00130465163155652,-0.525504781088637,-0.523638197979597,-1271.48172155037
"392",0.255,0.745,0.01,7.75,5,0,0,0,0,NA
"393",0.5,0.745,0.01,7.75,5,0,0,0,0,NA
"394",0.745,0.745,0.01,7.75,5,-0.0338304700618171,0.0383752759631308,-0.0612824887405728,-0.00637845138306145,-2.78776730654034
"395",0.99,0.745,0.01,7.75,5,-0.142591895805286,0.145718509002883,-0.246832637548247,-0.0383511540623257,-3.09442616254874
"396",0.01,0.99,0.01,7.75,5,-0.520802538625884,0.00135391708352373,-0.521771072561694,-0.519834004690073,-1216.41292018364
"397",0.255,0.99,0.01,7.75,5,0,0,0,0,NA
"398",0.5,0.99,0.01,7.75,5,0,0,0,0,NA
"399",0.745,0.99,0.01,7.75,5,-0.0354809286392404,0.0379276314188057,-0.062612721701793,-0.00834913557668778,-2.958279855627
"400",0.99,0.99,0.01,7.75,5,-0.13743742660419,0.13561385769408,-0.234449736250974,-0.040425116957407,-3.20480009352638
"401",0.01,0.01,1.8825,7.75,5,-0.516734524061546,0.00125230170515459,-0.517630366734687,-0.515838681388404,-1304.84374089057
"402",0.255,0.01,1.8825,7.75,5,-0.0747912871911565,0.158801854309515,-0.188391290352416,0.0388087159701026,-1.4893454342092
"403",0.5,0.01,1.8825,7.75,5,-0.347897335273816,0.733432055660366,-0.87256302135072,0.176768350803088,-1.49999984712687
"404",0.745,0.01,1.8825,7.75,5,-0.331068501045973,0.657152019278356,-0.801166736309312,0.139029734217366,-1.59313293443546
"405",0.99,0.01,1.8825,7.75,5,-0.244682661368155,0.421337337683269,-0.546089235623175,0.0567239128868659,-1.83642522196006
"406",0.01,0.255,1.8825,7.75,5,-0.4152359955588,0.00331778512996658,-0.417609396064048,-0.412862595053551,-395.773523907076
"407",0.255,0.255,1.8825,7.75,5,-0.110910173599806,0.235678382228285,-0.279504331914803,0.0576839847151923,-1.48816688634741
"408",0.5,0.255,1.8825,7.75,5,-0.384147813654611,0.809854699682771,-0.96348296590548,0.195187338596258,-1.499999999751
"409",0.745,0.255,1.8825,7.75,5,-0.350604527838652,0.74467087637303,-0.883309981927327,0.182100926250022,-1.48885756260282
"410",0.99,0.255,1.8825,7.75,5,-0.275412594879667,0.580679607504422,-0.69080576226429,0.139980572504957,-1.49984791072647
"411",0.01,0.5,1.8825,7.75,5,-0.382418123621086,0.00469995137079059,-0.385780266291907,-0.379055980950265,-257.303149280681
"412",0.255,0.5,1.8825,7.75,5,-0.120873784326313,0.256439330090406,-0.304319430068976,0.0625718614163501,-1.49055321483001
"413",0.5,0.5,1.8825,7.75,5,-0.387277540530146,0.8164527432,-0.97133264877696,0.196777567716668,-1.49999999988173
"414",0.745,0.5,1.8825,7.75,5,-0.362272736358278,0.767329807598403,-0.911187413380937,0.186641940664382,-1.49297859894089
"415",0.99,0.5,1.8825,7.75,5,-0.285442749089797,0.601767558158234,-0.715921327607394,0.145035829427799,-1.49999649609952
"416",0.01,0.745,1.8825,7.75,5,-0.370309532074027,0.00582767604344138,-0.374478400377463,-0.366140663770591,-200.941430494065
"417",0.255,0.745,1.8825,7.75,5,-0.125300789860988,0.265613420138378,-0.315309184275464,0.0647076045534887,-1.49177661419526
"418",0.5,0.745,1.8825,7.75,5,-0.387859476146425,0.817679572707937,-0.972792205354191,0.19707325306134,-1.49999999711445
"419",0.745,0.745,1.8825,7.75,5,-0.373689382043128,0.788960610194274,-0.938077803084431,0.190699038998175,-1.49780555506583
"420",0.99,0.745,1.8825,7.75,5,-0.299885702651355,0.632214916304822,-0.752145009087675,0.152373603784965,-1.49999918325408
"421",0.01,0.99,1.8825,7.75,5,-0.364846509142726,0.00701507868300732,-0.369864794124542,-0.359828224160909,-164.466575128685
"422",0.255,0.99,1.8825,7.75,5,-0.126462259295394,0.268017562454319,-0.318190473518515,0.0652659549277276,-1.49209915112337
"423",0.5,0.99,1.8825,7.75,5,-0.388082460124962,0.818149663507517,-0.97335147203264,0.197186551782716,-1.49999999840503
"424",0.745,0.99,1.8825,7.75,5,-0.381295955081967,0.803486835231634,-0.95607581152143,0.193483901357496,-1.50066389117709
"425",0.99,0.99,1.8825,7.75,5,-0.318439856058655,0.67135351446262,-0.798697228977168,0.161817516859857,-1.49994782365526
"426",0.01,0.01,3.755,7.75,5,-0.479240576076352,0.00152282142907205,-0.480329936902199,-0.478151215250505,-995.186788575699
"427",0.255,0.01,3.755,7.75,5,-0.179778832725854,0.379312090355348,-0.45112235607972,0.091564690628013,-1.49879373991882
"428",0.5,0.01,3.755,7.75,5,-0.346512308372798,0.730512115266234,-0.869089194923736,0.176064578178141,-1.49999994365778
"429",0.745,0.01,3.755,7.75,5,-0.334329667649744,0.665092701271749,-0.810108324615173,0.141448989315686,-1.58961786397401
"430",0.99,0.01,3.755,7.75,5,-0.300166363492055,0.509070625242094,-0.664333550885791,0.0640008239016811,-1.86459272748943
"431",0.01,0.255,3.755,7.75,5,-0.578093296385922,0.00393786182972909,-0.580910273040577,-0.575276319731267,-464.234550550511
"432",0.255,0.255,3.755,7.75,5,-0.271551381058956,0.572510601828685,-0.681100793818527,0.137998031700615,-1.49992133450057
"433",0.5,0.255,3.755,7.75,5,-0.375547047143449,0.791722693024684,-0.94191134321235,0.190817248925451,-1.49999999745732
"434",0.745,0.255,3.755,7.75,5,-0.32920678619337,0.688847810998999,-0.82197882495428,0.163565252567539,-1.51128195362246
"435",0.99,0.255,3.755,7.75,5,-0.262976058151857,0.55443072084932,-0.659591903193712,0.133639786889998,-1.49992286246123
"436",0.01,0.5,3.755,7.75,5,-0.494111660121012,0.00599071377208414,-0.498397158589566,-0.489826161652458,-260.823388309836
"437",0.255,0.5,3.755,7.75,5,-0.272222274441318,0.573895308163683,-0.682762246440371,0.138317697557735,-1.49999905003663
"438",0.5,0.5,3.755,7.75,5,-0.38252158177362,0.807586354764611,-0.96023405782216,0.19519089427492,-1.49784533311929
"439",0.745,0.5,3.755,7.75,5,-0.34450741229603,0.732825015906385,-0.868738848292725,0.179724023700665,-1.48661422579674
"440",0.99,0.5,3.755,7.75,5,-0.26743085369522,0.5638339628561,-0.670773372845138,0.135911665454699,-1.49989300040797
"441",0.01,0.745,3.755,7.75,5,-0.447261156803584,0.00778075008169091,-0.452827170108153,-0.441695143499014,-181.777328608615
"442",0.255,0.745,3.755,7.75,5,-0.278289919685299,0.586701191122928,-0.697990668496301,0.141410829125702,-1.49996285909447
"443",0.5,0.745,3.755,7.75,5,-0.387219634052572,0.816466689117181,-0.971284718607551,0.196845450502407,-1.49975009962382
"444",0.745,0.745,3.755,7.75,5,-0.362921908704343,0.768057062028106,-0.912356832205688,0.186513014797002,-1.49423773443465
"445",0.99,0.745,3.755,7.75,5,-0.283636972936731,0.597960633704557,-0.711392241755881,0.144118295882418,-1.4999965090658
"446",0.01,0.99,3.755,7.75,5,-0.419595468720334,0.0100138161657768,-0.426758921269643,-0.412432016171025,-132.504667059589
"447",0.255,0.99,3.755,7.75,5,-0.29450726467973,0.621031245642914,-0.738766255073953,0.149751725714492,-1.49962461693836
"448",0.5,0.99,3.755,7.75,5,-0.38913885025053,0.820250661506731,-0.975910825586376,0.197633125085315,-1.50023054000398
"449",0.745,0.99,3.755,7.75,5,-0.377404109421727,0.795086172988447,-0.946174494110799,0.191366275267345,-1.5010405470822
"450",0.99,0.99,3.755,7.75,5,-0.309293757918853,0.652435874688361,-0.776018266580184,0.157430750742477,-1.49910938230289
"451",0.01,0.01,5.6275,7.75,5,-0.484895737424392,0.0015137946767143,-0.485978640900601,-0.483812833948183,-1012.93456870665
"452",0.255,0.01,5.6275,7.75,5,-0.25333531668746,0.534290547758879,-0.635543749821624,0.128873116446703,-1.49940255513181
"453",0.5,0.01,5.6275,7.75,5,-0.355506733681086,0.736254822559041,-0.882191705552903,0.17117823819073,-1.52693193648858
"454",0.745,0.01,5.6275,7.75,5,-0.352312707895341,0.702259859701003,-0.854679148318444,0.150053732527761,-1.58646488216657
"455",0.99,0.01,5.6275,7.75,5,-0.256883997155357,0.54155903044187,-0.644291989572726,0.130523995262012,-1.49999996269352
"456",0.01,0.255,5.6275,7.75,5,-0.619325447032884,0.00365250065604097,-0.621938288601245,-0.616712605464523,-536.202237852224
"457",0.255,0.255,5.6275,7.75,5,-0.318379654512627,0.67147288716302,-0.798722421516754,0.1619631124915,-1.49939764980112
"458",0.5,0.255,5.6275,7.75,5,-0.37247570060884,0.785247727914895,-0.934208085670534,0.189256684452854,-1.49999999378356
"459",0.745,0.255,5.6275,7.75,5,-0.3615392513042,0.706389913487836,-0.866860154225744,0.143781651617343,-1.61849352014136
"460",0.99,0.255,5.6275,7.75,5,-0.196220473930418,0.414777025572553,-0.492934083611715,0.100493135750879,-1.49599322749681
"461",0.01,0.5,5.6275,7.75,5,-0.514070413286714,0.00572743673686114,-0.518167574709938,-0.50997325186349,-283.832621533418
"462",0.255,0.5,5.6275,7.75,5,-0.340563459978784,0.718105640904599,-0.85426528941638,0.173138369458811,-1.49971837013272
"463",0.5,0.5,5.6275,7.75,5,-0.381174518725456,0.804978652711587,-0.957021557101651,0.194672519650739,-1.49740575247629
"464",0.745,0.5,5.6275,7.75,5,-0.373210955460107,0.766049406268916,-0.921209688549303,0.174787777629089,-1.54062735030343
"465",0.99,0.5,5.6275,7.75,5,-0.25326013890159,0.535010963751831,-0.635983926591483,0.129463648788304,-1.49693919138287
"466",0.01,0.745,5.6275,7.75,5,-0.46025766784565,0.00750592568549585,-0.465627083620472,-0.454888252070828,-193.908466714769
"467",0.255,0.745,5.6275,7.75,5,-0.348450241164551,0.734599722853884,-0.873951226032214,0.177050743703111,-1.49999568340991
"468",0.5,0.745,5.6275,7.75,5,-0.386990943362181,0.815878284547163,-0.970635108644493,0.196653221920132,-1.49994532035001
"469",0.745,0.745,5.6275,7.75,5,-0.382284384322317,0.805963721557192,-0.958836098500072,0.194267329855438,-1.49993025249078
"470",0.99,0.745,5.6275,7.75,5,-0.280565064414673,0.591483849104736,-0.703687120641856,0.14255699181251,-1.49999807562813
"471",0.01,0.99,5.6275,7.75,5,-0.430878899311961,0.00891088870160053,-0.437253365082987,-0.424504433540935,-152.909408158966
"472",0.255,0.99,5.6275,7.75,5,-0.343174490864593,0.723531418511758,-0.86075768778373,0.174408706054544,-1.49988376210801
"473",0.5,0.99,5.6275,7.75,5,-0.389146480740535,0.820264435591794,-0.975928309463254,0.197635347982185,-1.50023476476962
"474",0.745,0.99,5.6275,7.75,5,-0.386016311369899,0.812395929507936,-0.967169349925858,0.19513672718606,-1.50258108585674
"475",0.99,0.99,5.6275,7.75,5,-0.316099675122663,0.667136953968231,-0.793340702372071,0.161141352126745,-1.49833543934441
"476",0.01,0.01,7.5,7.75,5,-0.488372885765852,0.00258076066018747,-0.490219050726775,-0.48652672080493,-598.416850626178
"477",0.255,0.01,7.5,7.75,5,-0.279214781592998,0.588678509530617,-0.700330018782243,0.141900455596247,-1.49989281403249
"478",0.5,0.01,7.5,7.75,5,-0.359868912728085,0.746989450057464,-0.894232974513921,0.174495149057751,-1.52345581751063
"479",0.745,0.01,7.5,7.75,5,-0.353697892298827,0.675532365665835,-0.836944635284583,0.129548850686928,-1.65571777180918
"480",0.99,0.01,7.5,7.75,5,-0.345414701866787,0.573417618029143,-0.755612954929183,0.0647835511956098,-1.90488949216685
"481",0.01,0.255,7.5,7.75,5,-0.638890558711376,0.00361850389619006,-0.641479080462798,-0.636302036959955,-558.338307506789
"482",0.255,0.255,7.5,7.75,5,-0.360373152236473,0.759752679663354,-0.903867478463372,0.183121173990426,-1.49996176274997
"483",0.5,0.255,7.5,7.75,5,-0.371271349348397,0.78270873276217,-0.931187446693362,0.188644747996569,-1.49999999330754
"484",0.745,0.255,7.5,7.75,5,-0.374943004162794,0.72825033452686,-0.895901910242031,0.146015901916442,-1.62811306728853
"485",0.99,0.255,7.5,7.75,5,-0.135857341469306,0.290530765004882,-0.343690530612488,0.0719758476738761,-1.47873715160952
"486",0.01,0.5,7.5,7.75,5,-0.523776170385921,0.00590478355740117,-0.52800019808197,-0.519552142689872,-280.505740208525
"487",0.255,0.5,7.5,7.75,5,-0.367450037008345,0.77466894648408,-0.921614817716751,0.186714743700061,-1.49996853305312
"488",0.5,0.5,7.5,7.75,5,-0.380775817787443,0.804161401507556,-0.956038229870922,0.194486594296035,-1.49735968409355
"489",0.745,0.5,7.5,7.75,5,-0.361984402068564,0.742544489539424,-0.893168730651053,0.169199926513925,-1.54158465131274
"490",0.99,0.5,7.5,7.75,5,-0.230889095269324,0.481119252673076,-0.575061075264454,0.113282884725805,-1.51757682505964
"491",0.01,0.745,7.5,7.75,5,-0.467445812422626,0.00778348218648161,-0.473013780157225,-0.461877844688027,-189.914155971303
"492",0.255,0.745,7.5,7.75,5,-0.363919042259988,0.767226997116569,-0.912760173094461,0.184922088574485,-1.49996423714712
"493",0.5,0.745,7.5,7.75,5,-0.386966202840804,0.815808765542819,-0.970560637223262,0.196628231541654,-1.49997723752017
"494",0.745,0.745,7.5,7.75,5,-0.381738167048316,0.800221490265153,-0.95418213641563,0.190705802318998,-1.50853493985837
"495",0.99,0.745,7.5,7.75,5,-0.266335592821655,0.561656489228291,-0.668120441174351,0.135449255531041,-1.49954128802968
"496",0.01,0.99,7.5,7.75,5,-0.436847307380841,0.00996120686253965,-0.443973125501761,-0.429721489259921,-138.681236129147
"497",0.255,0.99,7.5,7.75,5,-0.363960612186679,0.767304305605814,-0.912857046182823,0.184935821809466,-1.49998443210928
"498",0.5,0.99,7.5,7.75,5,-0.389152541530821,0.820270363722383,-0.975938610982697,0.197633527921055,-1.50024728785295
"499",0.745,0.99,7.5,7.75,5,-0.385234637427147,0.810593659025532,-0.965098409347091,0.194629134492798,-1.5028724617997
"500",0.99,0.99,7.5,7.75,5,-0.278483762292001,0.600182941043341,-0.707828774013139,0.150861249429137,-1.46729092080617
"501",0.01,0.01,0.01,10,5,-0.546369902533457,0.0011725435482571,-0.547208689658255,-0.54553111540866,-1473.52594241649
"502",0.255,0.01,0.01,10,5,0,0,0,0,NA
"503",0.5,0.01,0.01,10,5,-0.00109538102529833,0.00231337583303103,-0.00275027040356272,0.000559508352966055,-1.49733514814788
"504",0.745,0.01,0.01,10,5,-0.039659811785992,0.0502453769471268,-0.0756031891782184,-0.00371643439376565,-2.49605723824701
"505",0.99,0.01,0.01,10,5,-0.226372180049558,0.259875182951796,-0.412275686864515,-0.0404686732346011,-2.75459811022861
"506",0.01,0.255,0.01,10,5,-0.544412296651139,0.00126021207780784,-0.545313798063986,-0.543510795238291,-1366.10565311799
"507",0.255,0.255,0.01,10,5,0,0,0,0,NA
"508",0.5,0.255,0.01,10,5,-0.000522266010513495,0.00111142138539032,-0.00131732897399594,0.000272796952968953,-1.48598016865771
"509",0.745,0.255,0.01,10,5,-0.0404775131178248,0.0486860711952784,-0.0753054303719467,-0.00564959586370294,-2.62911202997385
"510",0.99,0.255,0.01,10,5,-0.205877128780928,0.228895528276478,-0.36961912567931,-0.042135131882546,-2.84426982906
"511",0.01,0.5,0.01,10,5,-0.540977864554111,0.00132614442417812,-0.541926531126262,-0.540029197981961,-1289.99691476687
"512",0.255,0.5,0.01,10,5,0,0,0,0,NA
"513",0.5,0.5,0.01,10,5,0.000193326893336027,0.000441202578265397,-0.000122290417958188,0.000508944204630241,1.38565218342519
"514",0.745,0.5,0.01,10,5,-0.0416791952186122,0.0474367536402354,-0.0756134045319836,-0.0077449859052407,-2.77846137898065
"515",0.99,0.5,0.01,10,5,-0.187117880561177,0.200130295457711,-0.3302824695108,-0.0439532916115539,-2.95666726600971
"516",0.01,0.745,0.01,10,5,-0.536861645147152,0.00138142446955581,-0.537849856681526,-0.535873433612778,-1228.95288484065
"517",0.255,0.745,0.01,10,5,0,0,0,0,NA
"518",0.5,0.745,0.01,10,5,0.00103772214369287,0.00219584060290563,-0.000533087596006458,0.0026085318833922,1.49444615794047
"519",0.745,0.745,0.01,10,5,-0.0432317984951119,0.0465222533142124,-0.0765118136847503,-0.00995178330547338,-2.93861412229206
"520",0.99,0.745,0.01,10,5,-0.172858001002809,0.176953428463596,-0.299442858089428,-0.0462731439161892,-3.08908959661666
"521",0.01,0.99,0.01,10,5,-0.5324689243369,0.00143194370745815,-0.533493275156992,-0.531444573516809,-1175.89439821864
"522",0.255,0.99,0.01,10,5,0,0,0,0,NA
"523",0.5,0.99,0.01,10,5,0.001997977032124,0.00421735234309852,-0.00101893509142309,0.00501488915567109,1.49813381007982
"524",0.745,0.99,0.01,10,5,-0.0450882982660135,0.0459795390846865,-0.077980079083592,-0.0121965174484349,-3.10098189716543
"525",0.99,0.99,0.01,10,5,-0.164327293267307,0.161210119519891,-0.279650065578217,-0.0490045209563969,-3.22342375281861
"526",0.01,0.01,1.8825,10,5,-0.531049006495396,0.00128186993647778,-0.531966001007011,-0.53013201198378,-1310.05834672223
"527",0.255,0.01,1.8825,10,5,-0.080073134139594,0.169931836587383,-0.201635046986657,0.0414887787074689,-1.4900885458217
"528",0.5,0.01,1.8825,10,5,-0.354096550791981,0.746501115425971,-0.888111279026754,0.179918177442792,-1.49999991824956
"529",0.745,0.01,1.8825,10,5,-0.329393196725929,0.650740972069416,-0.794905245093849,0.136118851641991,-1.60068720447303
"530",0.99,0.01,1.8825,10,5,-0.242146099861997,0.408981537312802,-0.534713866993209,0.0504216672692146,-1.87229283532386
"531",0.01,0.255,1.8825,10,5,-0.518907876793519,0.00312010172535797,-0.521139863110085,-0.516675890476953,-525.922207322035
"532",0.255,0.255,1.8825,10,5,-0.114799931993999,0.243785366267006,-0.28919347732769,0.0595936133396918,-1.48913474952333
"533",0.5,0.255,1.8825,10,5,-0.384289963622923,0.810154390211562,-0.963839501563216,0.195259574317371,-1.49999997738005
"534",0.745,0.255,1.8825,10,5,-0.346922157937709,0.736813507223493,-0.874006788742501,0.180162472867082,-1.48893061691805
"535",0.99,0.255,1.8825,10,5,-0.271836664305351,0.573155432557755,-0.681847361180145,0.138174032569443,-1.49980783905574
"536",0.01,0.5,1.8825,10,5,-0.484900771791916,0.00495714859171205,-0.48844690227092,-0.481354641312912,-309.329214096928
"537",0.255,0.5,1.8825,10,5,-0.123989235596456,0.262904068066546,-0.312059476295641,0.0640810051027294,-1.49137437359387
"538",0.5,0.5,1.8825,10,5,-0.386902610115741,0.815662321174723,-0.970392284508142,0.19658706427666,-1.49999999861188
"539",0.745,0.5,1.8825,10,5,-0.358237479276765,0.759798894410164,-0.901764865541952,0.185289906988421,-1.49098187176408
"540",0.99,0.5,1.8825,10,5,-0.284365800836314,0.599497533448465,-0.713220501501053,0.144488899828425,-1.49999552813484
"541",0.01,0.745,1.8825,10,5,-0.460491717653949,0.00629430768687297,-0.464994394126058,-0.45598904118184,-231.352317661022
"542",0.255,0.745,1.8825,10,5,-0.127383280343649,0.269933621753603,-0.320482160818762,0.0657156001314647,-1.49229762151446
"543",0.5,0.745,1.8825,10,5,-0.387936316348305,0.817841566975906,-0.972984929274389,0.197112296577779,-1.4999999954666
"544",0.745,0.745,1.8825,10,5,-0.37050149495098,0.782733890896433,-0.930435589341032,0.189432599439072,-1.4968415372952
"545",0.99,0.745,1.8825,10,5,-0.300237748819161,0.632956940306188,-0.753027867249255,0.152552369610932,-1.49999955031822
"546",0.01,0.99,1.8825,10,5,-0.443361045472966,0.00785227515877776,-0.448978224735379,-0.437743866210552,-178.550891447147
"547",0.255,0.99,1.8825,10,5,-0.128313738574521,0.271859254040922,-0.322790133404728,0.0661626562556864,-1.49255051264804
"548",0.5,0.99,1.8825,10,5,-0.388181418135,0.818358284658227,-0.973599668623569,0.19723683235357,-1.49999999960097
"549",0.745,0.99,1.8825,10,5,-0.37960581287377,0.799891344383145,-0.951813610104412,0.192601984356872,-1.50072755524878
"550",0.99,0.99,1.8825,10,5,-0.318904688996105,0.672406912052501,-0.799915617155271,0.162106239163061,-1.49978406774109
"551",0.01,0.01,3.755,10,5,-0.488704252519888,0.00162520762630711,-0.489866856019003,-0.487541649020773,-950.905296749386
"552",0.255,0.01,3.755,10,5,-0.199450657386159,0.420921796702766,-0.500559971531063,0.101658656758746,-1.4984217094453
"553",0.5,0.01,3.755,10,5,-0.359282456900133,0.735583210271803,-0.885486986284139,0.166922072483873,-1.54455793889842
"554",0.745,0.01,3.755,10,5,-0.335130920539407,0.662395826869265,-0.808980349776484,0.138718508697671,-1.59991500589963
"555",0.99,0.01,3.755,10,5,-0.297602986324619,0.49622864575396,-0.652583575005185,0.0573776023559466,-1.89651138302152
"556",0.01,0.255,3.755,10,5,-0.639419254159668,0.00336656491101605,-0.641827549618162,-0.637010958701174,-600.618516605517
"557",0.255,0.255,3.755,10,5,-0.267193786081958,0.563301983695889,-0.670155750265787,0.13576817810187,-1.49997863511687
"558",0.5,0.255,3.755,10,5,-0.374935589311847,0.790433625555565,-0.940377742064451,0.190506563440756,-1.49999999968318
"559",0.745,0.255,3.755,10,5,-0.322905294345745,0.678562560843993,-0.808319708378634,0.162509119687145,-1.50482248444356
"560",0.99,0.255,3.755,10,5,-0.252376368384888,0.532826268252125,-0.633537319061624,0.128784582291847,-1.49783184360632
"561",0.01,0.5,3.755,10,5,-0.544542674914321,0.00520604341247332,-0.548266854022217,-0.540818495806425,-330.768493356031
"562",0.255,0.5,3.755,10,5,-0.260133009387537,0.548471197403169,-0.652485668175894,0.132219649400819,-1.49982862938543
"563",0.5,0.5,3.755,10,5,-0.382192690315066,0.807358627801246,-0.959742260307687,0.195356879677555,-1.49697961332806
"564",0.745,0.5,3.755,10,5,-0.339547527787731,0.72496756770862,-0.858158083952847,0.179063028377386,-1.48109185778101
"565",0.99,0.5,3.755,10,5,-0.283136464727165,0.597270150399453,-0.710397791545552,0.144124862091221,-1.49908063643722
"566",0.01,0.745,3.755,10,5,-0.493826730103192,0.00664664161800575,-0.498581451086145,-0.48907200912024,-234.948313200595
"567",0.255,0.745,3.755,10,5,-0.281041210063869,0.592604672324922,-0.704965054921985,0.142882634794246,-1.4997018782943
"568",0.5,0.745,3.755,10,5,-0.38718789043573,0.816760053153896,-0.971462834980337,0.197087054108877,-1.49908851624741
"569",0.745,0.745,3.755,10,5,-0.359457643594362,0.761275128673188,-0.904041064234434,0.185125777045709,-1.49315908703908
"570",0.99,0.745,3.755,10,5,-0.308612235633462,0.650612490668414,-0.774032373943886,0.156807902676963,-1.49999822074688
"571",0.01,0.99,3.755,10,5,-0.466960955664429,0.00799814176825547,-0.472682481613283,-0.461239429715575,-184.625409383133
"572",0.255,0.99,3.755,10,5,-0.293923453571314,0.619757033019989,-0.737270927166052,0.149424020023425,-1.49972896071697
"573",0.5,0.99,3.755,10,5,-0.389181126849483,0.82026201263479,-0.975961222293176,0.197598968594211,-1.50037276411486
"574",0.745,0.99,3.755,10,5,-0.375411429006707,0.790868839772601,-0.941164915255044,0.19034205724163,-1.50107718956425
"575",0.99,0.99,3.755,10,5,-0.325049513521049,0.685264543370811,-0.815258237038192,0.165159209996095,-1.49999999999999
"576",0.01,0.01,5.6275,10,5,-0.484454149451966,0.00148530739165131,-0.485516674352073,-0.483391624551859,-1031.42187455529
"577",0.255,0.01,5.6275,10,5,-0.248253180973562,0.523395442022714,-0.62266772497808,0.126161363030955,-1.49990891251278
"578",0.5,0.01,5.6275,10,5,-0.357681707018625,0.743276570269852,-0.889389734607354,0.174026320570104,-1.5217604278112
"579",0.745,0.01,5.6275,10,5,-0.34682978254327,0.679165994659182,-0.832675867123151,0.139016302036611,-1.61488072406808
"580",0.99,0.01,5.6275,10,5,-0.323827064863983,0.536687917894892,-0.707750473281111,0.0600963435531448,-1.90805691507634
"581",0.01,0.255,5.6275,10,5,-0.67036654155596,0.00315023339998469,-0.672620082774059,-0.668113000337862,-672.929548171591
"582",0.255,0.255,5.6275,10,5,-0.330923192438028,0.697779450847176,-0.830084541445973,0.168238156569917,-1.49971601687016
"583",0.5,0.255,5.6275,10,5,-0.369691428731116,0.784793002379061,-0.93109852274043,0.191715665278197,-1.48965006401455
"584",0.745,0.255,5.6275,10,5,-0.324262041768251,0.661130747374251,-0.797206487651968,0.148682404115466,-1.55098914215809
"585",0.99,0.255,5.6275,10,5,-0.189156775696183,0.399276463815405,-0.47478195147808,0.0964684000857126,-1.49812548512769
"586",0.01,0.5,5.6275,10,5,-0.560393963188517,0.00533726262381194,-0.56421201086544,-0.556575915511594,-332.028126698887
"587",0.255,0.5,5.6275,10,5,-0.33909523237833,0.715035792832876,-0.850601024797537,0.172410560040877,-1.49966377734916
"588",0.5,0.5,5.6275,10,5,-0.380803303871842,0.804813583778625,-0.956532259046882,0.194925651303197,-1.49625429419128
"589",0.745,0.5,5.6275,10,5,-0.372044475329176,0.762259464083774,-0.917332047103002,0.173243096444649,-1.54344811492327
"590",0.99,0.5,5.6275,10,5,-0.289099171610686,0.610587059145875,-0.725886841067006,0.147688497845634,-1.49726699618644
"591",0.01,0.745,5.6275,10,5,-0.50471896417336,0.00695647594988444,-0.509695327285328,-0.499742601061391,-229.435351543946
"592",0.255,0.745,5.6275,10,5,-0.339441513194443,0.715714888920389,-0.851433101689671,0.172550075300784,-1.49977083154957
"593",0.5,0.745,5.6275,10,5,-0.387021743071565,0.816033600673642,-0.970777014817562,0.196733528674432,-1.49977918936711
"594",0.745,0.745,5.6275,10,5,-0.382153483352214,0.805656093014106,-0.958485133327198,0.194178166622771,-1.49998918104015
"595",0.99,0.745,5.6275,10,5,-0.316416902070889,0.667076669249231,-0.793614804230235,0.160781000088458,-1.49997466085059
"596",0.01,0.99,5.6275,10,5,-0.47573363342876,0.00902225577200999,-0.482187766402702,-0.469279500454819,-166.743426388958
"597",0.255,0.99,5.6275,10,5,-0.351021215765296,0.740092293833823,-0.880451349214992,0.1784089176844,-1.49984881359808
"598",0.5,0.99,5.6275,10,5,-0.389146846808813,0.820209157765398,-0.975889132156672,0.197595438539047,-1.50033728413998
"599",0.745,0.99,5.6275,10,5,-0.383970825420585,0.808767640605207,-0.962528342453121,0.19458669161195,-1.50132411637454
"600",0.99,0.99,5.6275,10,5,-0.327459759577098,0.693094856365434,-0.823269951570857,0.168350432416661,-1.49405045038855
"601",0.01,0.01,7.5,10,5,-0.496880624766076,0.00178389708173795,-0.498156747863038,-0.495604501669114,-880.810062168759
"602",0.255,0.01,7.5,10,5,-0.303224990735096,0.639831422937848,-0.760932817790723,0.15448283632053,-1.4986472683751
"603",0.5,0.01,7.5,10,5,-0.361153129803916,0.751741730016993,-0.898916767877907,0.176610508270075,-1.5192271875781
"604",0.745,0.01,7.5,10,5,-0.374476833167639,0.710619238681784,-0.882823213074269,0.133869546738991,-1.66643352630495
"605",0.99,0.01,7.5,10,5,-0.337377464238754,0.552780199992127,-0.732812597786968,0.0580576693094593,-1.9300279174646
"606",0.01,0.255,7.5,10,5,-0.686405243247405,0.00297225458203214,-0.688531466088965,-0.684279020405846,-730.288710686305
"607",0.255,0.255,7.5,10,5,-0.358090699117951,0.754934704967421,-0.898138453873322,0.181957055637421,-1.49997372048704
"608",0.5,0.255,7.5,10,5,-0.366125249198878,0.783524898926852,-0.926625196646169,0.194374698248412,-1.47766803320603
"609",0.745,0.255,7.5,10,5,-0.340456091707735,0.681087241939237,-0.827676553797482,0.146764370382011,-1.58073243305834
"610",0.99,0.255,7.5,10,5,-0.16645899333824,0.351125461671675,-0.417639017207211,0.0847210305307309,-1.49914948765476
"611",0.01,0.5,7.5,10,5,-0.569186377002205,0.00531746959854813,-0.572990265601816,-0.565382488402595,-338.492835945446
"612",0.255,0.5,7.5,10,5,-0.361317146143087,0.761723815830558,-0.906221538239803,0.183587245953629,-1.49999923297428
"613",0.5,0.5,7.5,10,5,-0.38043540840664,0.804046158126374,-0.955615380341523,0.194744563528243,-1.49623548471985
"614",0.745,0.5,7.5,10,5,-0.379621803443793,0.784778905306926,-0.9410188130152,0.181775206127615,-1.52969140763746
"615",0.99,0.5,7.5,10,5,-0.292810875288814,0.618036360625297,-0.734927454003097,0.149305703425468,-1.4982116726002
"616",0.01,0.745,7.5,10,5,-0.51073927038851,0.00672665936950258,-0.515551232622596,-0.505927308154424,-240.104232457918
"617",0.255,0.745,7.5,10,5,-0.368145882199922,0.77612318430806,-0.923350961978636,0.187059197578792,-1.49999320017955
"618",0.5,0.745,7.5,10,5,-0.387054410028446,0.815982372781023,-0.97077303554768,0.196664215490788,-1.49999994476728
"619",0.745,0.745,7.5,10,5,-0.381994499155372,0.806877473849582,-0.959199872345835,0.19521087403509,-1.49709554441153
"620",0.99,0.745,7.5,10,5,-0.303446823193463,0.639828664384255,-0.761152676898726,0.154259030511801,-1.49975011037871
"621",0.01,0.99,7.5,10,5,-0.475618441048365,0.0145822370530549,-0.48604994502877,-0.465186937067961,-103.141758388592
"622",0.255,0.99,7.5,10,5,-0.367494666625153,0.774828419598742,-0.921773527527449,0.186784194277144,-1.49984195869012
"623",0.5,0.99,7.5,10,5,-0.389160608881382,0.82022854068625,-0.975916759935532,0.197595542172767,-1.50035488725313
"624",0.745,0.99,7.5,10,5,-0.383702993193352,0.808380885507852,-0.961983842296075,0.194577855909371,-1.50099467375802
"625",0.99,0.99,7.5,10,5,-0.32117304894235,0.683241534029929,-0.809934598756651,0.167588500871951,-1.4864997327198
