"","lambda","mu","rho","phi","a0","m","s","l_conf","u_conf","t_stat"
"1",0.01,0.01,0.01,5,0.5,-0.188880958845116,0.000114440837243394,-0.188962824888363,-0.188799092801869,-5219.238612496
"2",0.255,0.01,0.01,5,0.5,-0.383153166005463,0.0109961633169365,-0.391019347373415,-0.375286984637511,-110.187222793943
"3",0.5,0.01,0.01,5,0.5,-0.0797455596162743,0.00717849047190434,-0.0848807423497957,-0.0746103768827529,-35.1296143192165
"4",0.745,0.01,0.01,5,0.5,-0.00517729944577121,0.00291590710348085,-0.00726321372941515,-0.00309138516212727,-5.61473935771835
"5",0.99,0.01,0.01,5,0.5,0,0,0,0,NA
"6",0.01,0.255,0.01,5,0.5,-0.196360932665258,0.000119081948803609,-0.196446118759711,-0.196275746570805,-5214.45774893428
"7",0.255,0.255,0.01,5,0.5,-0.397855931214636,0.0112843543378845,-0.405928272019662,-0.38978359040961,-111.493390368083
"8",0.5,0.255,0.01,5,0.5,-0.0821123825892066,0.00670989771769935,-0.0869123542599197,-0.0773124109184936,-38.6983772345905
"9",0.745,0.255,0.01,5,0.5,-0.00931637533790222,0.00235613053141887,-0.011001849584921,-0.0076309010908834,-12.5039615640694
"10",0.99,0.255,0.01,5,0.5,0,0,0,0,NA
"11",0.01,0.5,0.01,5,0.5,-0.203921462950491,0.00012383481432606,-0.204010049040119,-0.203832876860864,-5207.39091205217
"12",0.255,0.5,0.01,5,0.5,-0.408780790074515,0.0114919382516708,-0.417001627465837,-0.400559952683194,-112.485668827074
"13",0.5,0.5,0.01,5,0.5,-0.0843689704507775,0.00623996320562942,-0.0888327712229274,-0.0799051696786277,-42.7563595610959
"14",0.745,0.5,0.01,5,0.5,-0.0136012118617667,0.00187706763668587,-0.0149439851586439,-0.0122584385648894,-22.9138298381306
"15",0.99,0.5,0.01,5,0.5,0.000406940268695266,0.000648769487697967,-5.7161464712525e-05,0.000871042002103057,1.9835367493686
"16",0.01,0.745,0.01,5,0.5,-0.211561180326829,0.000128699121632997,-0.211653246132282,-0.211469114521377,-5198.28873591052
"17",0.255,0.745,0.01,5,0.5,-0.41679557930027,0.0116314527065144,-0.425116219320346,-0.408474939280193,-113.315454443622
"18",0.5,0.745,0.01,5,0.5,-0.0866450636093646,0.00578647474919675,-0.0907844582824273,-0.0825056689363018,-47.3510662176132
"19",0.745,0.745,0.01,5,0.5,-0.0180121081404741,0.00156293560872254,-0.0191301649217613,-0.016894051359187,-36.4437836512752
"20",0.99,0.745,0.01,5,0.5,-0.00409187529021557,0.000634643847275837,-0.00454587214919613,-0.00363787843123501,-20.3888304818304
"21",0.01,0.99,0.01,5,0.5,-0.219278656057619,0.000133674652580111,-0.219374281143496,-0.219183030971743,-5187.37084420091
"22",0.255,0.99,0.01,5,0.5,-0.422555716734559,0.0117135218689252,-0.430935065496733,-0.414176367972385,-114.076579030517
"23",0.5,0.99,0.01,5,0.5,-0.0890224133923989,0.00536634887759835,-0.0928612681218368,-0.085183558662961,-52.4590546656828
"24",0.745,0.99,0.01,5,0.5,-0.0225288681256285,0.00152433831363029,-0.0236193140653196,-0.0214384221859374,-46.7366960113248
"25",0.99,0.99,0.01,5,0.5,-0.00857473039472261,0.00126281909018812,-0.00947809675188028,-0.00767136403756495,-21.4723380252026
"26",0.01,0.01,1.8825,5,0.5,-0.328990774654282,0.000319863275254575,-0.329219591057202,-0.328761958251362,-3252.51523877731
"27",0.255,0.01,1.8825,5,0.5,0,0,0,0,NA
"28",0.5,0.01,1.8825,5,0.5,-0.0398318185114352,0.0662357152406213,-0.0872139948307201,0.00755035780784964,-1.9016820364211
"29",0.745,0.01,1.8825,5,0.5,-0.130630475033916,0.20911057813956,-0.280219171217568,0.0189582211497367,-1.97546119671306
"30",0.99,0.01,1.8825,5,0.5,-0.274178783074718,0.397854431236633,-0.558786698030874,0.0104291318814385,-2.17926299806284
"31",0.01,0.255,1.8825,5,0.5,-0.716535814573828,0.00134554752867947,-0.71749836129078,-0.715573267856875,-1683.98748527383
"32",0.255,0.255,1.8825,5,0.5,0,0,0,0,NA
"33",0.5,0.255,1.8825,5,0.5,0,0,0,0,NA
"34",0.745,0.255,1.8825,5,0.5,-0.0311074870350083,0.0655814937585424,-0.0780216614990537,0.015806687429037,-1.49997363092955
"35",0.99,0.255,1.8825,5,0.5,-0.0334297879322088,0.10571427156219,-0.10905322215388,0.0421936462894623,-1
"36",0.01,0.5,1.8825,5,0.5,-0.650770918023168,0.00157078547801353,-0.651894590262663,-0.649647245783672,-1310.12055099621
"37",0.255,0.5,1.8825,5,0.5,0,0,0,0,NA
"38",0.5,0.5,1.8825,5,0.5,-0.00341545524730843,0.0108006178278683,-0.0111417517992239,0.00431084130460705,-1
"39",0.745,0.5,1.8825,5,0.5,-0.0347307153449408,0.0734500504203453,-0.0872737161570284,0.0178122854671467,-1.49527692123342
"40",0.99,0.5,1.8825,5,0.5,-0.0603148927993248,0.127214673477483,-0.151318788012245,0.0306890024135957,-1.49929589772138
"41",0.01,0.745,1.8825,5,0.5,-0.634940042815369,0.00122079991372791,-0.635813350464463,-0.634066735166276,-1644.70581162647
"42",0.255,0.745,1.8825,5,0.5,-0.0468546053849961,0.0520708115569298,-0.0841038200317429,-0.00960539073824932,-2.84549572888805
"43",0.5,0.745,1.8825,5,0.5,-0.0122368171125305,0.0264708974104427,-0.0311729563823317,0.00669932215727065,-1.46183987594073
"44",0.745,0.745,1.8825,5,0.5,-0.057302274162987,0.120817718398795,-0.143730063383184,0.02912551505721,-1.49982720965094
"45",0.99,0.745,1.8825,5,0.5,-0.0787919493405303,0.166302154434539,-0.197757343993078,0.0401734453120172,-1.49824890752546
"46",0.01,0.99,1.8825,5,0.5,-0.630701319200526,0.00113065457913166,-0.631510140761975,-0.629892497639077,-1763.98055494391
"47",0.255,0.99,1.8825,5,0.5,-0.102701758864702,0.100814598493145,-0.174820178119433,-0.0305833396099714,-3.22147270903362
"48",0.5,0.99,1.8825,5,0.5,-0.0178799891264264,0.0377054575294619,-0.0448528485629106,0.00909287031005771,-1.49955719631229
"49",0.745,0.99,1.8825,5,0.5,-0.0543585217290299,0.114597954889031,-0.136336960169013,0.0276199167109531,-1.49999831209852
"50",0.99,0.99,1.8825,5,0.5,-0.110984202710418,0.234293014335923,-0.278587328536304,0.0566189231154684,-1.49796555333721
"51",0.01,0.01,3.755,5,0.5,-0.410505924987124,0.000481914587449145,-0.410850665915344,-0.410161184058904,-2693.70081288632
"52",0.255,0.01,3.755,5,0.5,0,0,0,0,NA
"53",0.5,0.01,3.755,5,0.5,-0.0185951297858579,0.0392029114773164,-0.0466392032453128,0.009448943673597,-1.49996419382715
"54",0.745,0.01,3.755,5,0.5,-0.201349119920299,0.37742305146575,-0.471341306258845,0.0686430664182473,-1.68702420624752
"55",0.99,0.01,3.755,5,0.5,-0.347855283037783,0.633878880341789,-0.801304917639234,0.105594351563668,-1.73537094330828
"56",0.01,0.255,3.755,5,0.5,-0.653664665320748,0.00133514371272437,-0.654619769596109,-0.652709561045388,-1548.19975459224
"57",0.255,0.255,3.755,5,0.5,0,0,0,0,NA
"58",0.5,0.255,3.755,5,0.5,0,0,0,0,NA
"59",0.745,0.255,3.755,5,0.5,0,0,0,0,NA
"60",0.99,0.255,3.755,5,0.5,-0.110595524052627,0.235196034296646,-0.278844631443645,0.0576535833383923,-1.48698831624485
"61",0.01,0.5,3.755,5,0.5,-0.625663313067605,0.00120372673438095,-0.626524407299946,-0.624802218835264,-1643.66301851569
"62",0.255,0.5,3.755,5,0.5,0,0,0,0,NA
"63",0.5,0.5,3.755,5,0.5,0,0,0,0,NA
"64",0.745,0.5,3.755,5,0.5,-0.275556226226712,0.374419345999191,-0.543399691116253,-0.00771276133717146,-2.3272977414979
"65",0.99,0.5,3.755,5,0.5,-0.232995006743384,0.390096153615693,-0.512052984224964,0.046062970738195,-1.88875203696893
"66",0.01,0.745,3.755,5,0.5,-0.621606264244698,0.00127535521236276,-0.622518598403428,-0.620693930085969,-1541.28950412178
"67",0.255,0.745,3.755,5,0.5,0,0,0,0,NA
"68",0.5,0.745,3.755,5,0.5,-0.0435944158056223,0.0972160632683812,-0.11313859803594,0.0259497664246953,-1.41805420396042
"69",0.745,0.745,3.755,5,0.5,-0.0364905517606097,0.115393256639794,-0.119037914800332,0.0460568112791122,-1
"70",0.99,0.745,3.755,5,0.5,-0.341461052051449,0.684503611181895,-0.831125437472277,0.148203333369378,-1.57748569778247
"71",0.01,0.99,3.755,5,0.5,-0.619782621389594,0.00131043450503445,-0.620720049762593,-0.618845193016596,-1495.62967874491
"72",0.255,0.99,3.755,5,0.5,0,0,0,0,NA
"73",0.5,0.99,3.755,5,0.5,-0.0721018446101958,0.152990553395744,-0.181544693530115,0.037341004309723,-1.49032765361641
"74",0.745,0.99,3.755,5,0.5,0.0142941202912817,0.0523774513830848,-0.0231744512727507,0.0517626918553142,0.863004519602831
"75",0.99,0.99,3.755,5,0.5,-0.339637563714255,0.690441039038547,-0.833549329156041,0.154274201727531,-1.55556842591977
"76",0.01,0.01,5.6275,5,0.5,-0.419992536172597,0.000531068091708872,-0.420372439399541,-0.419612632945652,-2500.87142366696
"77",0.255,0.01,5.6275,5,0.5,0,0,0,0,NA
"78",0.5,0.01,5.6275,5,0.5,-0.0378301496613405,0.0797533173494944,-0.0948822360013713,0.0192219366786904,-1.49999324329851
"79",0.745,0.01,5.6275,5,0.5,-0.310984112505962,0.534038775098433,-0.69301243832874,0.0710442133168173,-1.84147323658967
"80",0.99,0.01,5.6275,5,0.5,-0.335778255026699,0.587487174696049,-0.756041262614712,0.0844847525613139,-1.80739958313237
"81",0.01,0.255,5.6275,5,0.5,-0.634936826736895,0.0011863354202284,-0.635785479972553,-0.634088173501237,-1692.47795233301
"82",0.255,0.255,5.6275,5,0.5,0,0,0,0,NA
"83",0.5,0.255,5.6275,5,0.5,-0.00489833637326523,0.0154898996851668,-0.0159791430858422,0.0061824703393117,-1
"84",0.745,0.255,5.6275,5,0.5,-0.262565431187242,0.558174441711031,-0.661859372801549,0.136728510427064,-1.48753639602464
"85",0.99,0.255,5.6275,5,0.5,-0.339235518924308,0.709952184435258,-0.847104716969029,0.168633679120413,-1.51102697695522
"86",0.01,0.5,5.6275,5,0.5,-0.618459722006359,0.00126886034637514,-0.619367410017851,-0.617552033994867,-1541.33697077207
"87",0.255,0.5,5.6275,5,0.5,0,0,0,0,NA
"88",0.5,0.5,5.6275,5,0.5,0,0,0,0,NA
"89",0.745,0.5,5.6275,5,0.5,-0.248456748551614,0.526390155549471,-0.625013581558901,0.128100084455673,-1.49259863084389
"90",0.99,0.5,5.6275,5,0.5,-0.336917540053417,0.708325052161193,-0.843622757788958,0.169787677682124,-1.50414955249578
"91",0.01,0.745,5.6275,5,0.5,-0.616502359202889,0.00149612573081787,-0.61757262307663,-0.615432095329148,-1303.06671277063
"92",0.255,0.745,5.6275,5,0.5,0,0,0,0,NA
"93",0.5,0.745,5.6275,5,0.5,-0.0351138014914143,0.111039590019887,-0.114546739048292,0.0443191360654629,-1
"94",0.745,0.745,5.6275,5,0.5,-0.28772296273792,0.60657722487053,-0.721642169553574,0.146196244077735,-1.4999902074757
"95",0.99,0.745,5.6275,5,0.5,-0.33644347101472,0.708562980860302,-0.843318892688297,0.170431950658857,-1.50152872932705
"96",0.01,0.99,5.6275,5,0.5,-0.615367407432783,0.00184807133194748,-0.616689438022818,-0.614045376842747,-1052.96942368008
"97",0.255,0.99,5.6275,5,0.5,-0.085438607549465,0.233194988041389,-0.252256252682619,0.0813790375836893,-1.15860380293256
"98",0.5,0.99,5.6275,5,0.5,0.00784233486635543,0.0247996403514353,-0.0098982591246326,0.0255829288573435,1
"99",0.745,0.99,5.6275,5,0.5,-0.348908060498123,0.621130460351946,-0.793238024819625,0.0954219038233804,-1.77634850582068
"100",0.99,0.99,5.6275,5,0.5,-0.330827976880322,0.706068721154367,-0.835919112647974,0.174263158887331,-1.48168285791918
"101",0.01,0.01,7.5,5,0.5,-0.419288754580968,0.000568414969211866,-0.41969537415465,-0.418882135007285,-2332.63994368348
"102",0.255,0.01,7.5,5,0.5,0,0,0,0,NA
"103",0.5,0.01,7.5,5,0.5,-0.0599499681018417,0.126386256745608,-0.150361249684594,0.0304613134809106,-1.49999256040826
"104",0.745,0.01,7.5,5,0.5,-0.334986745682083,0.585749142710483,-0.754006440086423,0.0840329487222574,-1.80848937724617
"105",0.99,0.01,7.5,5,0.5,-0.335778255026699,0.587487174696049,-0.756041262614712,0.0844847525613139,-1.80739958313237
"106",0.01,0.255,7.5,5,0.5,-0.626395366525833,0.00120744565523647,-0.627259121113891,-0.625531611937775,-1640.51778678991
"107",0.255,0.255,7.5,5,0.5,0,0,0,0,NA
"108",0.5,0.255,7.5,5,0.5,0,0,0,0,NA
"109",0.745,0.255,7.5,5,0.5,-0.338023780461298,0.707947694168634,-0.844459052550839,0.168411491628242,-1.50989269173861
"110",0.99,0.255,7.5,5,0.5,-0.339235518924308,0.709952184435258,-0.847104716969029,0.168633679120413,-1.51102697695522
"111",0.01,0.5,7.5,5,0.5,-0.614788388487869,0.00143337432230193,-0.615813762708168,-0.613763014267569,-1356.33208743682
"112",0.255,0.5,7.5,5,0.5,0,0,0,0,NA
"113",0.5,0.5,7.5,5,0.5,0,0,0,0,NA
"114",0.745,0.5,7.5,5,0.5,-0.335152990479579,0.706544973577639,-0.840584816707204,0.170278835748046,-1.50004154606831
"115",0.99,0.5,7.5,5,0.5,-0.336844353898133,0.708363320400865,-0.843576947083202,0.169888239286937,-1.503741575274
"116",0.01,0.745,7.5,5,0.5,-0.613321257563194,0.00171028957139904,-0.614544725019304,-0.612097790107084,-1134.01387913038
"117",0.255,0.745,7.5,5,0.5,0,0,0,0,NA
"118",0.5,0.745,7.5,5,0.5,0,0,0,0,NA
"119",0.745,0.745,7.5,5,0.5,-0.335143852427696,0.706538717239633,-0.840571203140723,0.17028349828533,-1.50001392933633
"120",0.99,0.745,7.5,5,0.5,-0.336715265192576,0.70842126263586,-0.843489307755597,0.170058777370445,-1.50304235222182
"121",0.01,0.99,7.5,5,0.5,-0.612499231602664,0.00162566463001204,-0.613662162022535,-0.611336301182792,-1191.446625097
"122",0.255,0.99,7.5,5,0.5,-0.0965026100167717,0.378277474101809,-0.36710601348864,0.174100793455097,-0.806730690291766
"123",0.5,0.99,7.5,5,0.5,0.0145536811841167,0.0460227808817452,-0.0183690329516144,0.0474763953198478,1
"124",0.745,0.99,7.5,5,0.5,-0.335285117634354,0.706151421939958,-0.840435413980108,0.169865178711399,-1.50146923781483
"125",0.99,0.99,7.5,5,0.5,-0.417324882318364,0.70918450804182,-0.924644917753488,0.0899951531167607,-1.86086573722778
