"","lambda","mu","p","phi","m","s","l_conf","u_conf","t_stat"
"1",0.01,0.01,1,5,-0.181162675032328,0.000106872455974969,-0.181239126981768,-0.181086223082889,-5360.47080498698
"2",0.255,0.01,1,5,-0.391570713808648,0.0106292103262026,-0.399174392820512,-0.383967034796784,-116.495514027114
"3",0.5,0.01,1,5,-0.0795583213424464,0.00688991499993856,-0.0844870696192033,-0.0746295730656894,-36.5150371614104
"4",0.745,0.01,1,5,-0.00668136396912356,0.00255885447893655,-0.00851185819200479,-0.00485086974624233,-8.25694786199574
"5",0.99,0.01,1,5,0.00503736475391859,0.00112049868520467,0.00423580828132637,0.0058389212265108,14.2164789997291
"6",0.01,0.255,1,5,-0.183018285576484,0.000150213728314153,-0.183125742004405,-0.182910829148563,-3852.87445013307
"7",0.255,0.255,1,5,0.0181515455351714,0.00986807548885315,0.0110923495855804,0.0252107414847623,5.81676001650373
"8",0.5,0.255,1,5,0,0,0,0,NA
"9",0.745,0.255,1,5,0,0,0,0,NA
"10",0.99,0.255,1,5,0,0,0,0,NA
"11",0.01,0.5,1,5,-0.184972956592068,0.000195941975052448,-0.185113125037092,-0.184832788147045,-2985.25034367865
"12",0.255,0.5,1,5,0.226849548472107,0.0182738439101061,0.213777228032382,0.239921868911831,39.2561774567802
"13",0.5,0.5,1,5,0,0,0,0,NA
"14",0.745,0.5,1,5,0,0,0,0,NA
"15",0.99,0.5,1,5,0,0,0,0,NA
"16",0.01,0.745,1,5,-0.187025374271356,0.000242514833425461,-0.187198858932247,-0.186851889610464,-2438.72160143441
"17",0.255,0.745,1,5,0.30878190038552,0.0238423292046128,0.291726125534574,0.325837675236465,40.9546440313621
"18",0.5,0.745,1,5,0,0,0,0,NA
"19",0.745,0.745,1,5,0,0,0,0,NA
"20",0.99,0.745,1,5,0,0,0,0,NA
"21",0.01,0.99,1,5,-0.189174073759525,0.000289328168685215,-0.189381046663086,-0.188967100855964,-2067.62082672858
"22",0.255,0.99,1,5,0.327247169852683,0.0277625146062852,0.307387063301965,0.3471072764034,37.2749525485774
"23",0.5,0.99,1,5,0,0,0,0,NA
"24",0.745,0.99,1,5,0,0,0,0,NA
"25",0.99,0.99,1,5,0,0,0,0,NA
"26",0.01,0.01,3.25,5,-0.445033852572953,0.000731276779129203,-0.445556976467079,-0.444510728678827,-1924.47052904639
"27",0.255,0.01,3.25,5,-0.0136263847692271,0.00320805168573269,-0.0159212866973268,-0.0113314828411273,-13.4319569526337
"28",0.5,0.01,3.25,5,0,0,0,0,NA
"29",0.745,0.01,3.25,5,3.65852153419499e-05,7.71623024710537e-05,-1.86133706113156e-05,9.17838012952155e-05,1.49934107022918
"30",0.99,0.01,3.25,5,-0.000593914339067209,0.000781549117394324,-0.00115300089755052,-3.48277805839011e-05,-2.40307615309904
"31",0.01,0.255,3.25,5,-0.431983119454251,0.00112635017606867,-0.432788861831243,-0.431177377077259,-1212.81160800985
"32",0.255,0.255,3.25,5,0,0,0,0,NA
"33",0.5,0.255,3.25,5,0,0,0,0,NA
"34",0.745,0.255,3.25,5,0.00242344268398257,0.00510906595153593,-0.00123136292750825,0.00607824829547338,1.49999994773069
"35",0.99,0.255,3.25,5,-0.0200083616207741,0.0263582780242497,-0.0388639378349159,-0.00115278540663233,-2.40046011016858
"36",0.01,0.5,3.25,5,-0.411674717647059,0.0013497553373766,-0.412640274449023,-0.410709160845096,-964.493139476425
"37",0.255,0.5,3.25,5,0,0,0,0,NA
"38",0.5,0.5,3.25,5,0,0,0,0,NA
"39",0.745,0.5,3.25,5,-0.0172603513903473,0.0152850778240895,-0.0281946373701087,-0.00632606541058581,-3.57093527664802
"40",0.99,0.5,3.25,5,-0.0465073990091155,0.0616012096399915,-0.0905742497412301,-0.00244054827700092,-2.38744189892638
"41",0.01,0.745,3.25,5,-0.391276802647376,0.00154257385986523,-0.392380293511,-0.390173311783751,-802.117761843836
"42",0.255,0.745,3.25,5,0,0,0,0,NA
"43",0.5,0.745,3.25,5,0,0,0,0,NA
"44",0.745,0.745,3.25,5,-0.0377765333199091,0.0309019945950488,-0.0598824885617454,-0.0156705780780728,-3.86576623812158
"45",0.99,0.745,3.25,5,-0.0966442047943444,0.105067792415798,-0.171805175694078,-0.0214832338946111,-2.90874874953536
"46",0.01,0.99,3.25,5,-0.372429065489237,0.00173990236132436,-0.373673716659125,-0.371184414319349,-676.890922142064
"47",0.255,0.99,3.25,5,0,0,0,0,NA
"48",0.5,0.99,3.25,5,0,0,0,0,NA
"49",0.745,0.99,3.25,5,-0.0618321521298619,0.0490253231757323,-0.0969027556310657,-0.0267615486286581,-3.98835582703886
"50",0.99,0.99,3.25,5,-0.177055876760092,0.137688437307107,-0.275552251260041,-0.0785595022601444,-4.06642601681314
"51",0.01,0.01,5.5,5,-0.506166924510725,0.00099337348323237,-0.506877541092164,-0.505456307929287,-1611.31778199678
"52",0.255,0.01,5.5,5,0.000222962382151837,0.00182981608353217,-0.0010860091898591,0.00153193395416277,0.385322309975358
"53",0.5,0.01,5.5,5,0,0,0,0,NA
"54",0.745,0.01,5.5,5,-0.00062517495550547,0.000597487648826786,-0.00105259187132589,-0.000197758039685053,-3.30881617280902
"55",0.99,0.01,5.5,5,-0.00107736336005595,0.00177567173931758,-0.00234760240151372,0.000192875681401824,-1.91866661497817
"56",0.01,0.255,5.5,5,-0.477952168376136,0.00145710181215635,-0.478994516220165,-0.476909820532108,-1037.27649782286
"57",0.255,0.255,5.5,5,0,0,0,0,NA
"58",0.5,0.255,5.5,5,0,0,0,0,NA
"59",0.745,0.255,5.5,5,-0.0301369493872553,0.0226890226704314,-0.0463676984442734,-0.0139062003302373,-4.20033084620875
"60",0.99,0.255,5.5,5,-0.0492511444516362,0.0667262466015956,-0.0969842257675892,-0.00151806313568323,-2.33410092383963
"61",0.01,0.5,5.5,5,-0.44681794846249,0.00181104285609446,-0.448113490476606,-0.445522406448374,-780.192700482125
"62",0.255,0.5,5.5,5,0,0,0,0,NA
"63",0.5,0.5,5.5,5,0,0,0,0,NA
"64",0.745,0.5,5.5,5,-0.0833295287864525,0.0527955391955685,-0.121097182354447,-0.0455618752184576,-4.99116234683469
"65",0.99,0.5,5.5,5,-0.142950756832172,0.13669490498526,-0.240736401124382,-0.0451651125399621,-3.30699951752616
"66",0.01,0.745,5.5,5,-0.421787376490428,0.0021990564213436,-0.423360486688055,-0.4202142662928,-606.536869664201
"67",0.255,0.745,5.5,5,0,0,0,0,NA
"68",0.5,0.745,5.5,5,0,0,0,0,NA
"69",0.745,0.745,5.5,5,-0.140007808897554,0.0903550384078794,-0.204643909611875,-0.0753717081832326,-4.90004292098501
"70",0.99,0.745,5.5,5,-0.211369526089015,0.208252021135619,-0.360344047590729,-0.0623950045873009,-3.20961653455639
"71",0.01,0.99,5.5,5,-0.402212187691704,0.00261576652276453,-0.40408339433817,-0.400340981045237,-486.246232114281
"72",0.255,0.99,5.5,5,0,0,0,0,NA
"73",0.5,0.99,5.5,5,0,0,0,0,NA
"74",0.745,0.99,5.5,5,-0.196258765942015,0.126744730780052,-0.286926484400918,-0.105591047483112,-4.8966509876269
"75",0.99,0.99,5.5,5,-0.319532669796793,0.266357878297926,-0.510073617496908,-0.128991722096678,-3.79358414269298
"76",0.01,0.01,7.75,5,-0.532053597993001,0.0011246854606676,-0.532858149504335,-0.531249046481668,-1495.97488878958
"77",0.255,0.01,7.75,5,0.0030354495012736,0.00145901685890895,0.00199173171532545,0.00407916728722174,6.5790426531636
"78",0.5,0.01,7.75,5,0.00014259994068358,0.000450940606765021,-0.000179983536548379,0.000465183417915539,1
"79",0.745,0.01,7.75,5,-0.000518506487463205,0.000690637925420596,-0.00101255909693808,-2.44538779883291e-05,-2.3741260385588
"80",0.99,0.01,7.75,5,-0.00152768903225361,0.00251914841793293,-0.003329779250187,0.000274401185679784,-1.91770237275018
"81",0.01,0.255,7.75,5,-0.495571069678973,0.00163625092196008,-0.496741573075898,-0.494400566282048,-957.758557467628
"82",0.255,0.255,7.75,5,0,0,0,0,NA
"83",0.5,0.255,7.75,5,0,0,0,0,NA
"84",0.745,0.255,7.75,5,-0.0472118981673922,0.0351878843025683,-0.0723837942097312,-0.0220400021250532,-4.24285613721856
"85",0.99,0.255,7.75,5,-0.103642196828456,0.100829427536571,-0.175771224141811,-0.031513169515101,-3.25049354825035
"86",0.01,0.5,7.75,5,-0.463560958474616,0.00212935712061319,-0.465084208796124,-0.462037708153107,-688.427717887164
"87",0.255,0.5,7.75,5,0,0,0,0,NA
"88",0.5,0.5,7.75,5,-0.009088375808574,0.0199997391317618,-0.0233953273140915,0.00521857569694355,-1.4370171329398
"89",0.745,0.5,7.75,5,-0.12646714812798,0.0791502838638279,-0.183087850299507,-0.0698464459564519,-5.05272018933444
"90",0.99,0.5,7.75,5,-0.190727263214103,0.195599695031032,-0.330650855860307,-0.0508036705678983,-3.08350462178034
"91",0.01,0.745,7.75,5,-0.441297084248105,0.00267066810832637,-0.443207565122952,-0.439386603373259,-522.529889305396
"92",0.255,0.745,7.75,5,0,0,0,0,NA
"93",0.5,0.745,7.75,5,-0.0451565589727928,0.0406464318481007,-0.0742332646983976,-0.016079853247188,-3.51316391518414
"94",0.745,0.745,7.75,5,-0.202760657168502,0.128768306853968,-0.294875954746638,-0.110645359590366,-4.97937351348544
"95",0.99,0.745,7.75,5,-0.272287092536995,0.290646334196158,-0.480202954899274,-0.0643712301747157,-2.96252623403403
"96",0.01,0.99,7.75,5,-0.425733743345756,0.0032219249161209,-0.428038569585022,-0.42342891710649,-417.852166270539
"97",0.255,0.99,7.75,5,0,0,0,0,NA
"98",0.5,0.99,7.75,5,-0.0675491146837478,0.0601437174114322,-0.110573338284764,-0.0245248910827316,-3.5516437214432
"99",0.745,0.99,7.75,5,-0.273299910492618,0.17469536504632,-0.398269446319569,-0.148330374665667,-4.94718449598059
"100",0.99,0.99,7.75,5,-0.305414978318351,0.342078274641631,-0.550123034465772,-0.0607069221709307,-2.82335077849867
"101",0.01,0.01,10,5,-0.546210017367766,0.00120255174338593,-0.547070271062185,-0.545349763673348,-1436.33548010079
"102",0.255,0.01,10,5,0.0040125046261669,0.0013065278699857,0.00307787089152948,0.00494713836080431,9.71173599288678
"103",0.5,0.01,10,5,0.000221285922956521,0.000466719954945409,-0.000112585419967995,0.000555157265881037,1.49933064412684
"104",0.745,0.01,10,5,-0.000631774140882074,0.000831671219825498,-0.00122671589148129,-3.68323902828579e-05,-2.40220558840866
"105",0.99,0.01,10,5,-0.001511944486305,0.00249123102686162,-0.00329406380573885,0.000270174833128853,-1.91920709918271
"106",0.01,0.255,10,5,-0.505622640126832,0.00176248214444184,-0.506883443900508,-0.504361836353155,-907.197377511476
"107",0.255,0.255,10,5,0,0,0,0,NA
"108",0.5,0.255,10,5,-0.00420380719400502,0.00916826289195822,-0.0107623873695219,0.00235477298151187,-1.44995903083423
"109",0.745,0.255,10,5,-0.0615582029439444,0.0457586586784517,-0.0942919754375293,-0.0288244304503595,-4.25414851728196
"110",0.99,0.255,10,5,-0.147122711165356,0.125081281249951,-0.236600469515168,-0.0576449528155449,-3.71952428191004
"111",0.01,0.5,10,5,-0.475849707460213,0.00236726532175914,-0.477543147056399,-0.474156267864028,-635.657053591644
"112",0.255,0.5,10,5,0,0,0,0,NA
"113",0.5,0.5,10,5,-0.0392674580611164,0.0345933764750994,-0.0640140688234219,-0.0145208472988109,-3.58954857984588
"114",0.745,0.5,10,5,-0.157751320088835,0.0984997458223264,-0.228213793499192,-0.0872888466784789,-5.06451535701245
"115",0.99,0.5,10,5,-0.227441234596779,0.248272505588024,-0.405044686031813,-0.0498377831617452,-2.89694718093344
"116",0.01,0.745,10,5,-0.457366414076873,0.00300356428765317,-0.459515034532573,-0.455217793621173,-481.534422183684
"117",0.255,0.745,10,5,0,0,0,0,NA
"118",0.5,0.745,10,5,-0.069791991028404,0.0610172728161371,-0.113441118520924,-0.0261428635358842,-3.61703569992111
"119",0.745,0.745,10,5,-0.243489581168733,0.156272235330562,-0.355280003923923,-0.131699158413542,-4.92718147523069
"120",0.99,0.745,10,5,-0.308206879045736,0.341102982299508,-0.552217253080879,-0.0641965050105936,-2.85730638221381
"121",0.01,0.99,10,5,-0.445357520856304,0.00361500657759757,-0.447943540776718,-0.442771500935891,-389.58273208117
"122",0.255,0.99,10,5,0,0,0,0,NA
"123",0.5,0.99,10,5,-0.0953050516251176,0.0835214020265276,-0.155052663361146,-0.0355574398890889,-3.60842883791128
"124",0.745,0.99,10,5,-0.317665550151711,0.206988508569715,-0.465736209213624,-0.169594891089798,-4.85315189520059
"125",0.99,0.99,10,5,-0.312108822153748,0.365870608445666,-0.573836888597044,-0.0503807557104513,-2.69760601987474
