"","lambda","mu","rho","p","phi","m","s","l_conf","u_conf","t_stat"
"1",0.01,0.01,0.01,1,5,-0.181113586084531,9.69343128027052e-05,-0.181182928714619,-0.181044243454442,-5908.44903799751
"2",0.255,0.01,0.01,1,5,-0.395411551999309,0.00865642384829906,-0.401603984580199,-0.389219119418419,-144.447769583928
"3",0.5,0.01,0.01,1,5,-0.0751591112896308,0.00612362332734591,-0.0795396875264107,-0.0707785350528508,-38.8126385122255
"4",0.745,0.01,0.01,1,5,0.00935680406861521,0.003152102530658,0.0071019257549814,0.011611682382249,9.38700825527328
"5",0.99,0.01,0.01,1,5,0.0274641721243202,0.00232617490279869,0.0258001268431075,0.0291282174055329,37.3356869508247
"6",0.01,0.255,0.01,1,5,-0.181295044274275,0.000100114004888646,-0.181366661519057,-0.181223427029494,-5726.52416657841
"7",0.255,0.255,0.01,1,5,-0.344054715030761,0.00920302740579869,-0.350638164241337,-0.337471265820186,-118.221590705233
"8",0.5,0.255,0.01,1,5,-0.0242901506005202,0.00729676931634597,-0.0295099449222431,-0.0190703562787972,-10.5268780299904
"9",0.745,0.255,0.01,1,5,0.0406317453341015,0.00493255727725112,0.0371032064217241,0.044160284246479,26.0491370584319
"10",0.99,0.255,0.01,1,5,0.0468002601873648,0.00380404508806652,0.0440790102629926,0.049521510111737,38.9047484596964
"11",0.01,0.5,0.01,1,5,-0.181477500773883,0.000103377550524518,-0.181551452618574,-0.181403548929193,-5551.3237023771
"12",0.255,0.5,0.01,1,5,-0.295099089746928,0.00968675218098874,-0.302028574816024,-0.288169604677831,-96.3362375342074
"13",0.5,0.5,0.01,1,5,0.0213354928008767,0.00866264305883355,0.0151386112647813,0.0275323743369721,7.78847192417744
"14",0.745,0.5,0.01,1,5,0.0683822387760168,0.00670812264800217,0.0635835369136703,0.0731809406383634,32.2360871112129
"15",0.99,0.5,0.01,1,5,0.0642804839523418,0.00533376910175385,0.0604649353905493,0.0680960325141344,38.1105245670388
"16",0.01,0.745,0.01,1,5,-0.181660954493484,0.000106717753334741,-0.181737295775322,-0.181584613211646,-5383.0066710428
"17",0.255,0.745,0.01,1,5,-0.248444191495252,0.0101301026641668,-0.255690830394256,-0.241197552596249,-77.5559283661663
"18",0.5,0.745,0.01,1,5,0.0622768914332012,0.0100687791809108,0.055074120711443,0.0694796621549594,19.5591559796358
"19",0.745,0.745,0.01,1,5,0.09317287388826,0.00837901458748498,0.0871788879378737,0.0991668598386463,35.1638602074528
"20",0.99,0.745,0.01,1,5,0.0802058698397112,0.00678693394051089,0.0753507897750001,0.0850609499044224,37.3708117143393
"21",0.01,0.99,0.01,1,5,-0.181845404326836,0.000110128120641921,-0.181924185238479,-0.181766623415193,-5221.60603808712
"22",0.255,0.99,0.01,1,5,-0.204035406835901,0.0105555762539215,-0.211586411205644,-0.196484402466159,-61.1256641418164
"23",0.5,0.99,0.01,1,5,0.0990446693036762,0.0114514497858119,0.0908527956160193,0.107236542991333,27.3508377503289
"24",0.745,0.99,0.01,1,5,0.115461274485138,0.00993465994506935,0.108354446884963,0.122568102085314,36.7521999683677
"25",0.99,0.99,0.01,1,5,0.0948130172551769,0.00814657232237807,0.0889853104843743,0.10064072402598,36.8038328875577
"26",0.01,0.01,1.8825,1,5,-0.182744430920353,0.000222565311399804,-0.182903644552892,-0.182585217287814,-2596.4901169236
"27",0.255,0.01,1.8825,1,5,-0.447304431200273,0.117959883727031,-0.531687848651901,-0.362921013748644,-11.9913716882954
"28",0.5,0.01,1.8825,1,5,-0.308453196555505,0.228694606235659,-0.472051462484426,-0.144854930626584,-4.26514061144878
"29",0.745,0.01,1.8825,1,5,0.0346082715532446,0.179957136003804,-0.094125308465779,0.163341851572268,0.608150176315056
"30",0.99,0.01,1.8825,1,5,0.00775432305265856,0.0788601035022778,-0.0486587965932573,0.0641674426985744,0.310947126241631
"31",0.01,0.255,1.8825,1,5,-0.253194719894627,0.00150461646281476,-0.254271057672139,-0.252118382117116,-532.143590199401
"32",0.255,0.255,1.8825,1,5,-0.0890198168868602,0.0771634293982847,-0.144219208995303,-0.0338204247784174,-3.64817090749799
"33",0.5,0.255,1.8825,1,5,0.000128380919490878,0.178102478589237,-0.127278457109812,0.127535218948794,0.00227945235189114
"34",0.745,0.255,1.8825,1,5,0.134727415213774,0.265893968972585,-0.055481671746715,0.324936502174262,1.60231349732747
"35",0.99,0.255,1.8825,1,5,0.244120160116036,0.327651795397106,0.00973218552502874,0.478508134707043,2.35608575804095
"36",0.01,0.5,1.8825,1,5,-0.326757834231817,0.00212929350473181,-0.328281039045265,-0.325234629418368,-485.277861966907
"37",0.255,0.5,1.8825,1,5,-0.0655761581655138,0.0878829990927631,-0.128443868483936,-0.00270844784709208,-2.35961473945134
"38",0.5,0.5,1.8825,1,5,0.0282182118990055,0.188490011264695,-0.106619419365683,0.163055843163694,0.473414057855895
"39",0.745,0.5,1.8825,1,5,0.068599903604237,0.257685739304534,-0.115737369577418,0.252937176785892,0.84184690717794
"40",0.99,0.5,1.8825,1,5,0.150406845239709,0.304419175027233,-0.0673615139259145,0.368175204405332,1.56241211347933
"41",0.01,0.745,1.8825,1,5,-0.368890071384825,0.00189207913600219,-0.370243583261407,-0.367536559508243,-616.534905756078
"42",0.255,0.745,1.8825,1,5,-0.0548116285319415,0.0857935006671869,-0.116184601721613,0.00656134465772949,-2.02031141142489
"43",0.5,0.745,1.8825,1,5,0.0421896857471942,0.184649108165038,-0.0899003289599901,0.174279700454379,0.722535310642446
"44",0.745,0.745,1.8825,1,5,0.0898184830716444,0.250000283523104,-0.0890209462412322,0.268657912384521,1.13612264148262
"45",0.99,0.745,1.8825,1,5,0.14677026993436,0.305642303234034,-0.071873062440886,0.365413602309606,1.51853438113546
"46",0.01,0.99,1.8825,1,5,-0.398320807421696,0.00159937734512028,-0.399464933050781,-0.397176681792611,-787.557104477512
"47",0.255,0.99,1.8825,1,5,-0.0426957556714765,0.078299589018095,-0.0987079074102356,0.0133163960672826,-1.72434920843219
"48",0.5,0.99,1.8825,1,5,0.0291032355626961,0.176969873436675,-0.0974933855489837,0.155699856674376,0.520046208268685
"49",0.745,0.99,1.8825,1,5,0.0921882377531671,0.247116625265573,-0.0845883467107253,0.26896482221706,1.17970534950384
"50",0.99,0.99,1.8825,1,5,0.166936243862106,0.311678705611597,-0.0560252706411469,0.38989775836536,1.69372737095299
"51",0.01,0.01,3.755,1,5,-0.189050613315527,0.000483262446889274,-0.189396318444306,-0.188704908186748,-1237.072185056
"52",0.255,0.01,3.755,1,5,-0.259769430558111,0.0157437564828866,-0.271031835484064,-0.248507025632158,-52.1770689188125
"53",0.5,0.01,3.755,1,5,-0.0758389364489707,0.107062655108726,-0.152426946152553,0.000749073254611796,-2.24003200985404
"54",0.745,0.01,3.755,1,5,0.0219262716003498,0.129369974255108,-0.0706194329082889,0.114471976108989,0.535958666234587
"55",0.99,0.01,3.755,1,5,0.0687150428462902,0.128533324289425,-0.023232158331517,0.160662244024097,1.69058138122251
"56",0.01,0.255,3.755,1,5,-0.350390787052685,0.00211637374950801,-0.35190474963001,-0.348876824475359,-523.552590124077
"57",0.255,0.255,3.755,1,5,-0.083882243437505,0.09140696665912,-0.149270848290937,-0.0184936385840732,-2.90195544390447
"58",0.5,0.255,3.755,1,5,0.00117197933901121,0.180433469044284,-0.127902348810062,0.130246307488084,0.0205401143233823
"59",0.745,0.255,3.755,1,5,0.133625786648546,0.288285633901443,-0.072601332454982,0.339852905752074,1.46577487827779
"60",0.99,0.255,3.755,1,5,0.274040655802732,0.376346787507796,0.00481838231915584,0.543262929286308,2.30264392466727
"61",0.01,0.5,3.755,1,5,-0.413131311036997,0.00189561248490623,-0.414487350519118,-0.411775271554875,-689.189339071584
"62",0.255,0.5,3.755,1,5,-0.0498572841166892,0.0812756754867843,-0.107998399863591,0.00828383163021262,-1.93984946682492
"63",0.5,0.5,3.755,1,5,0.0455805773653975,0.165401254313172,-0.0727403521637401,0.163901506894535,0.871447088709862
"64",0.745,0.5,3.755,1,5,0.113387449638683,0.253748883104801,-0.0681335662726797,0.294908465550045,1.41306079675544
"65",0.99,0.5,3.755,1,5,0.143726991643957,0.356720941332729,-0.111455797242766,0.398909780530681,1.27411823130103
"66",0.01,0.745,3.755,1,5,-0.445972790989064,0.00199118146153928,-0.447397196398617,-0.444548385579512,-708.267840590198
"67",0.255,0.745,3.755,1,5,-0.0388376609304303,0.0728321179556238,-0.0909386194864558,0.0132632976255952,-1.68628169797733
"68",0.5,0.745,3.755,1,5,0.0535024236607447,0.153308836268673,-0.0561681111103762,0.163172958431866,1.10358621997974
"69",0.745,0.745,3.755,1,5,0.133209478137129,0.242987654820629,-0.0406134188044237,0.307032375078682,1.73360805982794
"70",0.99,0.745,3.755,1,5,0.206030743231509,0.31998792557125,-0.0228748291531115,0.43493631561613,2.0360968791737
"71",0.01,0.99,3.755,1,5,-0.466578692835265,0.00203875490520256,-0.468037130236283,-0.465120255434247,-723.702183768349
"72",0.255,0.99,3.755,1,5,-0.0349984884757738,0.0696883965506674,-0.084850564214316,0.0148535872627683,-1.58814011692941
"73",0.5,0.99,3.755,1,5,0.0706348215805265,0.151667721597992,-0.0378617304774331,0.179131373638486,1.4727386681929
"74",0.745,0.99,3.755,1,5,0.150242983145719,0.239954793023441,-0.0214103351643609,0.3218963014558,1.97999807885625
"75",0.99,0.99,3.755,1,5,0.231052867592956,0.311843944929842,0.00797314800225798,0.454132587183654,2.34300948723384
"76",0.01,0.01,5.6275,1,5,-0.208589840171323,0.00134709211889348,-0.209553491821552,-0.207626188521094,-489.661384296188
"77",0.255,0.01,5.6275,1,5,-0.25650635793194,0.0281618052344671,-0.276652099791017,-0.236360616072864,-28.8029946456193
"78",0.5,0.01,5.6275,1,5,-0.0127467244997225,0.157892844902545,-0.125696461504113,0.100203012504668,-0.255291379103802
"79",0.745,0.01,5.6275,1,5,0.00510744321372137,0.191983151696075,-0.13222903018208,0.142443916609523,0.0841279739010548
"80",0.99,0.01,5.6275,1,5,-0.213613729892274,0.705102521775413,-0.718013688261647,0.290786228477099,-0.958025117032186
"81",0.01,0.255,5.6275,1,5,-0.404404480179007,0.00193054881680013,-0.405785511607418,-0.403023448750596,-662.422644904546
"82",0.255,0.255,5.6275,1,5,-0.0829286378995543,0.0930521616441308,-0.149494144347182,-0.0163631314519268,-2.81824059091586
"83",0.5,0.255,5.6275,1,5,0.0287566590188553,0.196036183221008,-0.111479178468423,0.168992496506134,0.463876305395548
"84",0.745,0.255,5.6275,1,5,0.117213141248658,0.311582350278755,-0.105679444801819,0.340105727299136,1.18960684941617
"85",0.99,0.255,5.6275,1,5,0.155866780432901,0.554110271534361,-0.240519828978484,0.552253389844287,0.889523372956944
"86",0.01,0.5,5.6275,1,5,-0.456117758424901,0.00252933382695061,-0.457927134845516,-0.454308382004287,-570.257267943188
"87",0.255,0.5,5.6275,1,5,-0.052677217520894,0.0750151416229398,-0.106339817133231,0.000985382091443418,-2.22061819203729
"88",0.5,0.5,5.6275,1,5,0.0590837310067407,0.16919397014584,-0.0619503439856808,0.180117805999162,1.10428972427897
"89",0.745,0.5,5.6275,1,5,0.148933728304572,0.269329386362451,-0.0437329082106491,0.341600364819793,1.7486758805789
"90",0.99,0.5,5.6275,1,5,0.113691049860084,0.446711213747636,-0.205866901868825,0.433249001588993,0.804821226934188
"91",0.01,0.745,5.6275,1,5,-0.481700598233877,0.00223669728130595,-0.483300635080625,-0.480100561387129,-681.035852914049
"92",0.255,0.745,5.6275,1,5,-0.0422275682940018,0.0655932485998094,-0.0891501516649262,0.00469501507692249,-2.03580854295033
"93",0.5,0.745,5.6275,1,5,0.0749836165702042,0.153366867265481,-0.034728431075244,0.184695664215652,1.54609023308881
"94",0.745,0.745,5.6275,1,5,0.160599568727616,0.247802909747076,-0.0166679540795804,0.337867091534812,2.04945304693303
"95",0.99,0.745,5.6275,1,5,0.134069194711426,0.44587217784645,-0.184888546891212,0.453026936314064,0.950864486320816
"96",0.01,0.99,5.6275,1,5,-0.496859176095811,0.00211782344322748,-0.498374175721551,-0.495344176470072,-741.89691205939
"97",0.255,0.99,5.6275,1,5,-0.0368798217680929,0.0616044456120747,-0.0809489873751847,0.00718934383899896,-1.89311396814799
"98",0.5,0.99,5.6275,1,5,0.0926262417165679,0.142966085458038,-0.00964553483543199,0.194898018268568,2.0488068480523
"99",0.745,0.99,5.6275,1,5,0.178743837896775,0.232909205635085,0.0121306291815754,0.345357046611974,2.42685832847383
"100",0.99,0.99,5.6275,1,5,0.229885218408656,0.341025532748198,-0.0140697515550923,0.473840188372405,2.1316905063334
"101",0.01,0.01,7.5,1,5,-0.252492555339635,0.00247265720943195,-0.2542613877505,-0.250723722928769,-322.912356821504
"102",0.255,0.01,7.5,1,5,-0.209060502564758,0.0713554080579262,-0.26010508649735,-0.158015918632166,-9.26499301002417
"103",0.5,0.01,7.5,1,5,0.0230538956774023,0.205596940975211,-0.124021295895658,0.170129087250463,0.354590972680336
"104",0.745,0.01,7.5,1,5,-0.134726831639088,0.479820621322064,-0.477969826728961,0.208516163450785,-0.887922759017034
"105",0.99,0.01,7.5,1,5,-0.11181291955984,0.721370052445396,-0.627849968337075,0.404224129217395,-0.490155498476352
"106",0.01,0.255,7.5,1,5,-0.439114268072834,0.00244769336465831,-0.440865242424941,-0.437363293720727,-567.310129707263
"107",0.255,0.255,7.5,1,5,-0.0859495506042209,0.0973282469699717,-0.155573984220209,-0.0163251169882332,-2.79257412147879
"108",0.5,0.255,7.5,1,5,0.0445528451780465,0.212803220621547,-0.107677408306376,0.196783098662469,0.662059843793604
"109",0.745,0.255,7.5,1,5,0.0923061190265622,0.341277963831299,-0.151829429255765,0.336441667308889,0.855307429807663
"110",0.99,0.255,7.5,1,5,0.117308425468529,0.642482579718968,-0.342295924899284,0.576912775836341,0.577388126804807
"111",0.01,0.5,7.5,1,5,-0.482352525050362,0.00227970173300385,-0.483983325428619,-0.480721724672104,-669.093062574774
"112",0.255,0.5,7.5,1,5,-0.0553363703550571,0.0754866404163579,-0.109336259885423,-0.00133648082469119,-2.31814486382521
"113",0.5,0.5,7.5,1,5,0.07105481040008,0.175140088780642,-0.0542328616214676,0.196342482421628,1.28294464813876
"114",0.745,0.5,7.5,1,5,0.173178838518986,0.286081039938051,-0.0314712090679688,0.37782888610594,1.91428125534318
"115",0.99,0.5,7.5,1,5,0.0575575505597008,0.540495765587036,-0.329089828000887,0.444204929120289,0.336751863562277
"116",0.01,0.745,7.5,1,5,-0.502709329826847,0.00239492931148323,-0.504422559049128,-0.500996100604566,-663.780127307858
"117",0.255,0.745,7.5,1,5,-0.040093724579414,0.0647681566084266,-0.0864260726962416,0.00623862353741351,-1.95755902575633
"118",0.5,0.745,7.5,1,5,0.0882003831219032,0.15453344014311,-0.0223461804878747,0.198746946731681,1.80487861336932
"119",0.745,0.745,7.5,1,5,0.177457070755302,0.254541655993411,-0.00463106071679393,0.359545202227397,2.20462355482961
"120",0.99,0.745,7.5,1,5,0.1758746275081,0.426624951881919,-0.129314478080033,0.481063733096234,1.30363778092669
"121",0.01,0.99,7.5,1,5,-0.51432344168754,0.00260264829005863,-0.516185264115646,-0.512461619259434,-624.914836154362
"122",0.255,0.99,7.5,1,5,-0.0298443786202323,0.060009522171197,-0.0727726047293977,0.0130838474889332,-1.57268727324853
"123",0.5,0.99,7.5,1,5,0.102714405473753,0.13855021696066,0.00360155094721046,0.201827260000295,2.34435915679115
"124",0.745,0.99,7.5,1,5,0.18159083987974,0.24751505045001,0.00452923920864809,0.358652440550832,2.32002318727238
"125",0.99,0.99,7.5,1,5,0.203766784646748,0.393709766707519,-0.0778762159155743,0.485409785209071,1.63665523555946
"126",0.01,0.01,0.01,3.25,5,-0.445153548027739,0.000642538822961952,-0.445613192612099,-0.444693903443378,-2190.83901231625
"127",0.255,0.01,0.01,3.25,5,-9.46651133057308e-05,0.00359853518130276,-0.00266890210662906,0.0024795718800176,-0.0831886748139687
"128",0.5,0.01,0.01,3.25,5,0.0290068753667667,0.00503455592994864,0.0254053710137823,0.032608379719751,18.219639475641
"129",0.745,0.01,0.01,3.25,5,0.015862783591198,0.0171139703264175,0.00362018672961815,0.0281053804527778,2.93108642949432
"130",0.99,0.01,0.01,3.25,5,-0.0253535023283966,0.0562309921195599,-0.0655787308707058,0.0148717262139126,-1.42581183432876
"131",0.01,0.255,0.01,3.25,5,-0.444810072688926,0.00069136096375952,-0.44530464252887,-0.444315502848982,-2034.55651912006
"132",0.255,0.255,0.01,3.25,5,0.0341924418564697,0.00549482175668634,0.0302616831657463,0.0381232005471931,19.6777984468282
"133",0.5,0.255,0.01,3.25,5,0.0386892904800739,0.00575829115172776,0.0345700571380957,0.0428085238220521,21.2469768806659
"134",0.745,0.255,0.01,3.25,5,0.0163155300098573,0.0171330173038394,0.0040593077614409,0.0285717522582738,3.01139228128933
"135",0.99,0.255,0.01,3.25,5,-0.0285443429808314,0.0547916273239113,-0.0677399119763623,0.0106512260146995,-1.64742575720279
"136",0.01,0.5,0.01,3.25,5,-0.444172201603365,0.000737115726298925,-0.444699502428672,-0.443644900778057,-1905.5295936374
"137",0.255,0.5,0.01,3.25,5,0.0631811369671975,0.00755670920556076,0.0577753928505875,0.0685868810838075,26.4395906393199
"138",0.5,0.5,0.01,3.25,5,0.0474662887757894,0.00664565679620845,0.0427122722919108,0.0522203052596679,22.5864183495629
"139",0.745,0.5,0.01,3.25,5,0.0166036178439712,0.0169930648721297,0.00444751153408574,0.0287597241538568,3.08980458681571
"140",0.99,0.5,0.01,3.25,5,-0.0317802746157822,0.0532960393928947,-0.069905964456374,0.00634541522480958,-1.88565705062321
"141",0.01,0.745,0.01,3.25,5,-0.443285287529238,0.000779800940107433,-0.443843123517026,-0.44272745154145,-1797.62691955963
"142",0.255,0.745,0.01,3.25,5,0.0881060903627026,0.00962988533713732,0.0812172853830758,0.0949948953423295,28.9324235465482
"143",0.5,0.745,0.01,3.25,5,0.0554798995711681,0.00763468904499559,0.050018372037892,0.0609414271044443,22.979697793624
"144",0.745,0.745,0.01,3.25,5,0.0167404490460758,0.0167083158908827,0.00478803988639352,0.0286928582057582,3.1683592999627
"145",0.99,0.745,0.01,3.25,5,-0.0350688367354173,0.0517604084913041,-0.0720960024055344,0.0019583289346997,-2.14251398334952
"146",0.01,0.99,0.01,3.25,5,-0.442187735640673,0.000819599453278739,-0.442774041769706,-0.44160142951164,-1706.10216054083
"147",0.255,0.99,0.01,3.25,5,0.109840622852518,0.0116730908638261,0.101490196689057,0.118191049015979,29.7561761385664
"148",0.5,0.99,0.01,3.25,5,0.0628385234216191,0.00869131272900865,0.0566211328389721,0.0690559140042662,22.8633884212816
"149",0.745,0.99,0.01,3.25,5,0.0167371964667539,0.0162908165248496,0.00508344836180167,0.028390944571706,3.2489263137873
"150",0.99,0.99,0.01,3.25,5,-0.0384162849777121,0.0502018467659529,-0.0743285227542175,-0.0025040472012066,-2.41989025499499
"151",0.01,0.01,1.8825,3.25,5,-0.424829774075484,0.00112054178684126,-0.425631361381129,-0.424028186769838,-1198.9108480464
"152",0.255,0.01,1.8825,3.25,5,0.945516506478981,0.436146154395646,0.633516342919508,1.25751667003845,6.85546736025235
"153",0.5,0.01,1.8825,3.25,5,0.695122098152815,1.02520038532959,-0.0382620774964945,1.42850627380212,2.14413602797401
"154",0.745,0.01,1.8825,3.25,5,0.696938154185765,1.08716148072973,-0.0807703189595424,1.47464662733107,2.02721674246709
"155",0.99,0.01,1.8825,3.25,5,0.698109805039754,0.842197337204127,0.0956381236806769,1.30058148639883,2.62125863298312
"156",0.01,0.255,1.8825,3.25,5,-0.270592243302597,0.00278162011133679,-0.272582094459028,-0.268602392146165,-307.622094952219
"157",0.255,0.255,1.8825,3.25,5,1.46720934816387,0.584730579143959,1.04891829024101,1.88550040608673,7.93480537871191
"158",0.5,0.255,1.8825,3.25,5,0.957431777624175,1.33861613167756,-0.000156516615100939,1.91502007186345,2.2617874160249
"159",0.745,0.255,1.8825,3.25,5,0.958049330124259,1.33177941501369,0.00535172836464047,1.91074693188388,2.27486471095521
"160",0.99,0.255,1.8825,3.25,5,0.945680470760707,1.10878847247655,0.152500979713945,1.73885996180747,2.69709173623047
"161",0.01,0.5,1.8825,3.25,5,-0.208987858613966,0.00352546978666704,-0.211509827772649,-0.206465889455283,-187.458034398917
"162",0.255,0.5,1.8825,3.25,5,1.52226637175945,0.570420909415032,1.11421183489934,1.93032090861956,8.4390821948955
"163",0.5,0.5,1.8825,3.25,5,0.972015455357672,1.3632865866475,-0.00322101921779349,1.94725192993314,2.25468569112441
"164",0.745,0.5,1.8825,3.25,5,0.971737899548412,1.36739489970389,-0.00643748514383122,1.94991328424065,2.24726964532801
"165",0.99,0.5,1.8825,3.25,5,1.01283606199394,1.18572255259246,0.164621245431754,1.86105087855612,2.70119586175838
"166",0.01,0.745,1.8825,3.25,5,-0.182984055735407,0.00436784468430576,-0.186108623594533,-0.179859487876282,-132.478701382912
"167",0.255,0.745,1.8825,3.25,5,1.52182534085558,0.578981070741608,1.10764723347428,1.93600344823688,8.31190261868413
"168",0.5,0.745,1.8825,3.25,5,0.975066609262757,1.36804066897259,-0.00357073093551412,1.95370394946103,2.25390328341878
"169",0.745,0.745,1.8825,3.25,5,0.97283038731132,1.37485876624145,-0.0106843258538069,1.95634510047645,2.2375824168017
"170",0.99,0.745,1.8825,3.25,5,1.00770187732302,1.22826156413988,0.129056485077222,1.88634726956881,2.59442550984637
"171",0.01,0.99,1.8825,3.25,5,-0.169102426079911,0.00539206701523061,-0.172959678456713,-0.165245173703109,-99.173252625071
"172",0.255,0.99,1.8825,3.25,5,1.5145096710357,0.589241453140666,1.09299172824733,1.93602761382406,8.12790762309426
"173",0.5,0.99,1.8825,3.25,5,0.975448851965468,1.36900746110971,-0.00388008966473205,1.95477779359567,2.25319452291874
"174",0.745,0.99,1.8825,3.25,5,0.972452021426899,1.37524373910505,-0.0113380847348208,1.95624212758862,2.23608602279116
"175",0.99,0.99,1.8825,3.25,5,0.984355875460174,1.26655559763373,0.0783165818970844,1.89039516902326,2.45769439607607
"176",0.01,0.01,3.755,3.25,5,-0.418821118743986,0.00131523059501358,-0.419761978033073,-0.4178802594549,-1006.99350549791
"177",0.255,0.01,3.755,3.25,5,0.855865130911496,0.724075144824051,0.337892975619901,1.37383728620309,3.73784848567917
"178",0.5,0.01,3.755,3.25,5,0.674474634841038,1.05203240260873,-0.0781040096700264,1.4270532793521,2.02738629040241
"179",0.745,0.01,3.755,3.25,5,0.675835558371211,1.04884026528836,-0.0744595686629216,1.42613068540534,2.03765984098363
"180",0.99,0.01,3.755,3.25,5,0.602036271303543,0.86702900622252,-0.0181989159746196,1.22227145858171,2.19578103810942
"181",0.01,0.255,3.755,3.25,5,-0.247180124328276,0.00336850839274547,-0.249589810069846,-0.244770438586705,-232.04697571315
"182",0.255,0.255,3.755,3.25,5,1.10007776904906,1.15448581191711,0.274208370649004,1.92594716744912,3.01324738476862
"183",0.5,0.255,3.755,3.25,5,0.969217859531635,1.34479248082765,0.00721127127415181,1.93122444778912,2.27911445723342
"184",0.745,0.255,3.755,3.25,5,0.971148256840784,1.34068471844486,0.0120801847719166,1.93021632890965,2.29065073620094
"185",0.99,0.255,3.755,3.25,5,1.01295805484731,0.970676891266055,0.318577637214,1.70733847248062,3.30002151730763
"186",0.01,0.5,3.755,3.25,5,-0.189586840633261,0.00403654687961825,-0.192474412319871,-0.186699268946652,-148.524530663487
"187",0.255,0.5,3.755,3.25,5,1.07087766372818,1.20090588860432,0.211801342894243,1.92995398456212,2.8198816784191
"188",0.5,0.5,3.755,3.25,5,0.958437495235895,1.35115854177335,-0.00812309868292085,1.92499808915471,2.24314570507347
"189",0.745,0.5,3.755,3.25,5,0.95938581746365,1.34942621675796,-0.00593554579202067,1.92470718071932,2.24824766287452
"190",0.99,0.5,3.755,3.25,5,1.02085500310646,1.06716307034657,0.257452530937186,1.78425747527573,3.02505498953061
"191",0.01,0.745,3.755,3.25,5,-0.167524784811821,0.00484911200665638,-0.170993630573608,-0.164055939050034,-109.248844697284
"192",0.255,0.745,3.755,3.25,5,1.06582862224836,1.21965470695632,0.193340204727526,1.93831703976918,2.76344281908693
"193",0.5,0.745,3.755,3.25,5,0.965124543647782,1.36689607999811,-0.0126940069230962,1.94294309421866,2.23278991601308
"194",0.745,0.745,3.755,3.25,5,0.966615525157571,1.37017906638669,-0.0135515323985826,1.94678258271373,2.23088117178624
"195",0.99,0.745,3.755,3.25,5,1.03681390047936,1.15832378358728,0.208198982540133,1.86542881841859,2.83055004282478
"196",0.01,0.99,3.755,3.25,5,-0.15604835894481,0.0058555104552097,-0.160237138786927,-0.151859579102692,-84.274162461458
"197",0.255,0.99,3.755,3.25,5,1.07108155581747,1.22937496352205,0.191639685634538,1.95052342600041,2.75510513608993
"198",0.5,0.99,3.755,3.25,5,0.972836301469956,1.37518124874334,-0.0109091017799513,1.95658170471986,2.23707129947454
"199",0.745,0.99,3.755,3.25,5,0.972658426972918,1.37552058334742,-0.0113297216294562,1.95664657557529,2.23611049651164
"200",0.99,0.99,3.755,3.25,5,0.991326016005116,1.21216727803963,0.124193782467802,1.85845824954243,2.58615140925641
"201",0.01,0.01,5.6275,3.25,5,-0.416684314703981,0.00143136706704136,-0.417708253020368,-0.415660376387594,-920.568546022647
"202",0.255,0.01,5.6275,3.25,5,0.813744303029171,0.892203406895167,0.175500434376159,1.45198817168218,2.88419144185222
"203",0.5,0.01,5.6275,3.25,5,0.699351559985009,1.08961105749374,-0.0801092348151368,1.47881235478515,2.02966352033116
"204",0.745,0.01,5.6275,3.25,5,0.696291126539658,1.0892187767218,-0.0828890475012022,1.47547130058052,2.02150928857171
"205",0.99,0.01,5.6275,3.25,5,0.603492367176896,0.929531102043311,-0.0614541259843095,1.2684388603381,2.05308937657979
"206",0.01,0.255,5.6275,3.25,5,-0.25845995110503,0.00298048057398935,-0.260592058466744,-0.256327843743315,-274.224947667976
"207",0.255,0.255,5.6275,3.25,5,1.01498556886928,1.2686702145025,0.107433569525636,1.92253756821293,2.52994525538481
"208",0.5,0.255,5.6275,3.25,5,0.969683396084555,1.33270347507613,0.0163247615777416,1.92304203059137,2.30089303301263
"209",0.745,0.255,5.6275,3.25,5,0.967569657607154,1.33599753488397,0.0118545946681205,1.92328472054619,2.29021673544749
"210",0.99,0.255,5.6275,3.25,5,0.861960721320694,0.875045389662047,0.235990958788158,1.48793048385323,3.11499170806188
"211",0.01,0.5,5.6275,3.25,5,-0.23802691971566,0.00395980392678562,-0.240859592800976,-0.235194246630344,-190.086990328972
"212",0.255,0.5,5.6275,3.25,5,0.99046230781479,1.30603844649741,0.0561786856496659,1.92474592997991,2.39818118497305
"213",0.5,0.5,5.6275,3.25,5,0.958640435068237,1.34358672840801,-0.00250360986896619,1.91978448000544,2.25626464436898
"214",0.745,0.5,5.6275,3.25,5,0.956482992761456,1.34591627104306,-0.00632750658748367,1.9192934921104,2.2472904633187
"215",0.99,0.5,5.6275,3.25,5,1.02244103247196,1.02879836826834,0.286483014879853,1.75839905006408,3.14273674565379
"216",0.01,0.745,5.6275,3.25,5,-0.222458510769752,0.0043399749707659,-0.225563141836829,-0.219353879702674,-162.092082018935
"217",0.255,0.745,5.6275,3.25,5,0.991742153871641,1.32031955252269,0.0472424438864391,1.93624186385684,2.37530683526076
"218",0.5,0.745,5.6275,3.25,5,0.964053097339637,1.36490160972804,-0.0123386951497908,1.94044488982906,2.23357020843482
"219",0.745,0.745,5.6275,3.25,5,0.964270465599918,1.36873699562133,-0.0148649966753434,1.94340592787518,2.22781364241752
"220",0.99,0.745,5.6275,3.25,5,1.02872146965107,1.14144209398444,0.212182984953682,1.84525995434846,2.84999382724491
"221",0.01,0.99,5.6275,3.25,5,-0.211252015936058,0.00601870525923745,-0.215557538308255,-0.20694649356386,-110.993561220635
"222",0.255,0.99,5.6275,3.25,5,1.00170621795819,1.32790706497501,0.0517787285410782,1.95163370737529,2.3854630181974
"223",0.5,0.99,5.6275,3.25,5,0.972697904780713,1.37555661341831,-0.0113160181816952,1.95671182774312,2.23614268171545
"224",0.745,0.99,5.6275,3.25,5,0.972478917567106,1.37536505394316,-0.0113979720018474,1.95635580713606,2.23595062793727
"225",0.99,0.99,5.6275,3.25,5,0.991593962182721,1.21429644427416,0.12293861487558,1.86024930948986,2.58231459818086
"226",0.01,0.01,7.5,3.25,5,-0.413006114236268,0.00143871871933608,-0.414035311607894,-0.411976916864641,-907.779951014327
"227",0.255,0.01,7.5,3.25,5,0.785253936825794,1.00746167191568,0.0645592723201577,1.50594860133143,2.46479945709667
"228",0.5,0.01,7.5,3.25,5,0.722506433049427,1.12020066641008,-0.0788368497399636,1.52384971583882,2.0396041718866
"229",0.745,0.01,7.5,3.25,5,0.717906204231464,1.12195972556079,-0.0846954336694002,1.52050784213233,2.02344050327003
"230",0.99,0.01,7.5,3.25,5,0.495914909683429,0.867264950500744,-0.124489061963585,1.11631888133044,1.80823707833559
"231",0.01,0.255,7.5,3.25,5,-0.348110865184495,0.00403667702163266,-0.350998529969093,-0.345223200399897,-272.705298525365
"232",0.255,0.255,7.5,3.25,5,0.989534039741146,1.30367966486139,0.0569377883090318,1.92213029117326,2.40026861827465
"233",0.5,0.255,7.5,3.25,5,0.968517304389816,1.32990289196442,0.0171620863527122,1.91987252242692,2.30296561776359
"234",0.745,0.255,7.5,3.25,5,0.965587896580616,1.33258805903205,0.0123118257379948,1.91886396742324,2.29137355208165
"235",0.99,0.255,7.5,3.25,5,0.851579426057265,0.880444832701262,0.22174713465823,1.4814117174563,3.05860230517546
"236",0.01,0.5,7.5,3.25,5,-0.289604831542098,0.00511318541626836,-0.293262584041135,-0.285947079043062,-179.107701854233
"237",0.255,0.5,7.5,3.25,5,0.964401876869868,1.33358162991738,0.0104150482328563,1.91838870550688,2.2868540194566
"238",0.5,0.5,7.5,3.25,5,0.957864954373673,1.34234733404768,-0.00239248124864643,1.91812238999599,2.25652099858566
"239",0.745,0.5,7.5,3.25,5,0.955300341973013,1.34458185054209,-0.00655557045508429,1.91715625440111,2.24673933309047
"240",0.99,0.5,7.5,3.25,5,0.978453791260399,1.04529809661286,0.230692579050402,1.7262150034704,2.96005759087858
"241",0.01,0.745,7.5,3.25,5,-0.251173754491149,0.00505391158601846,-0.254789105046372,-0.247558403935925,-157.161663620183
"242",0.255,0.745,7.5,3.25,5,0.969535677161262,1.3461071976705,0.00658859713085139,1.93248275719167,2.27763510805754
"243",0.5,0.745,7.5,3.25,5,0.964003605301716,1.36470685958498,-0.0122488713279409,1.94025608193137,2.23377426731367
"244",0.745,0.745,7.5,3.25,5,0.963726632047586,1.36839094554144,-0.015161280913214,1.94261454500839,2.22712026045125
"245",0.99,0.745,7.5,3.25,5,0.981408226690555,1.23600093181204,0.0972264243326373,1.86559002904847,2.51090855264902
"246",0.01,0.99,7.5,3.25,5,-0.222640464101938,0.0062928942163977,-0.227142129438181,-0.218138798765695,-111.880311613136
"247",0.255,0.99,7.5,3.25,5,0.983840503630905,1.35451812169974,0.014876611010586,1.95280439625122,2.29688831471425
"248",0.5,0.99,7.5,3.25,5,0.972801113551692,1.3756174672561,-0.011256341623834,1.95685856872722,2.23628101735839
"249",0.745,0.99,7.5,3.25,5,0.972601612300161,1.37545289421928,-0.0113381144169396,1.95654133901726,2.23608991899814
"250",0.99,0.99,7.5,3.25,5,0.975411557193813,1.34687249225061,0.0119170184004157,1.93890609598721,2.29013673865284
"251",0.01,0.01,0.01,5.5,5,-0.50638419410439,0.000866937163600184,-0.507004363591414,-0.505764024617366,-1847.10898518728
"252",0.255,0.01,0.01,5.5,5,0.0184315668252687,0.00263184073662268,0.0165488613789108,0.0203142722716267,22.1463750455673
"253",0.5,0.01,0.01,5.5,5,0.0261472177481206,0.0087290315965944,0.0199028447130607,0.0323915907831806,9.47238667261774
"254",0.745,0.01,0.01,5.5,5,-0.00277528805163046,0.034144395868146,-0.0272007174361049,0.021650141332844,-0.257032850722972
"255",0.99,0.01,0.01,5.5,5,-0.100371301133702,0.149744017374721,-0.2074917180905,0.00674911582309559,-2.11963007846163
"256",0.01,0.255,0.01,5.5,5,-0.505454326135691,0.000935658761502866,-0.506123656092364,-0.504784996179018,-1708.30113449374
"257",0.255,0.255,0.01,5.5,5,0.0436673798570793,0.00461005051308034,0.0403695483856737,0.046965211328485,29.9537671893883
"258",0.5,0.255,0.01,5.5,5,0.0313837100235205,0.00907990823816215,0.0248883349597713,0.0378790850872697,10.9300669673584
"259",0.745,0.255,0.01,5.5,5,-0.00530578285830686,0.0335811764595693,-0.0293283093492793,0.0187167436326656,-0.499635818975214
"260",0.99,0.255,0.01,5.5,5,-0.0997362859851401,0.139122592419139,-0.199258593248713,-0.000213978721566916,-2.2670209316455
"261",0.01,0.5,0.01,5.5,5,-0.503712326565272,0.000994711299499575,-0.504423900162816,-0.503000752967728,-1601.34728362908
"262",0.255,0.5,0.01,5.5,5,0.0645943952271333,0.00681801101883205,0.0597170839598277,0.0694717064944389,29.9596777468749
"263",0.5,0.5,0.01,5.5,5,0.0360140220785931,0.00929871610598965,0.0293621212955128,0.0426659228616735,12.2475335491302
"264",0.745,0.5,0.01,5.5,5,-0.0079992998420048,0.032812601935818,-0.0314720212396586,0.015473421555649,-0.770923538366132
"265",0.99,0.5,0.01,5.5,5,-0.0999706576933107,0.129166177707249,-0.192370574934025,-0.0075707404525962,-2.44750586498276
"266",0.01,0.745,0.01,5.5,5,-0.501404708828791,0.00104642856805852,-0.502153278731557,-0.500656138926026,-1515.2309080918
"267",0.255,0.745,0.01,5.5,5,0.0823485452516626,0.00911865500178544,0.0758254524229715,0.0888716380803538,28.5578262304813
"268",0.5,0.745,0.01,5.5,5,0.0401184509020416,0.00945188710896499,0.0333569781841883,0.0468799236198948,13.4222594478258
"269",0.745,0.745,0.01,5.5,5,-0.0108584297634958,0.0318599024964608,-0.0336496310378911,0.0119327715108994,-1.0777612979018
"270",0.99,0.745,0.01,5.5,5,-0.101120127472646,0.119942682808883,-0.186921953940629,-0.0153183010046619,-2.66602274195957
"271",0.01,0.99,0.01,5.5,5,-0.498706214489944,0.00109274474245704,-0.499487916987923,-0.497924511991964,-1443.19845229609
"272",0.255,0.99,0.01,5.5,5,0.0976745738560569,0.0114643949521323,0.0894734397542738,0.10587570795784,26.9420343734778
"273",0.5,0.99,0.01,5.5,5,0.0437595584426363,0.00961118762909001,0.0368841289975869,0.0506349878876856,14.3977913471535
"274",0.745,0.99,0.01,5.5,5,-0.0138842400489526,0.0307455592454043,-0.0358782881830828,0.00810980808517755,-1.42803784392964
"275",0.99,0.99,0.01,5.5,5,-0.103199531695943,0.111514435746466,-0.182972153422599,-0.0234269099692865,-2.9264872429959
"276",0.01,0.01,1.8825,5.5,5,-0.48760186861233,0.00127890895094393,-0.488516744962495,-0.486686992262164,-1205.66244769111
"277",0.255,0.01,1.8825,5.5,5,1.03276930979431,0.619017617491541,0.58995078220423,1.47558783738439,5.27594566646513
"278",0.5,0.01,1.8825,5.5,5,0.786382347033293,1.15872047096343,-0.0425163439599774,1.61528103802656,2.14612530864024
"279",0.745,0.01,1.8825,5.5,5,0.779049453921181,1.10666155063203,-0.0126085288956494,1.57070743673801,2.22612837944386
"280",0.99,0.01,1.8825,5.5,5,0.621237169554165,0.75650069847869,0.0800691705258026,1.16240516858253,2.59685738149085
"281",0.01,0.255,1.8825,5.5,5,-0.361503271826158,0.00311915620956646,-0.363734581761473,-0.359271961890844,-366.50095210606
"282",0.255,0.255,1.8825,5.5,5,1.32207764084828,0.830346573548029,0.728083485111621,1.91607179658494,5.03497782955663
"283",0.5,0.255,1.8825,5.5,5,0.967683973898142,1.35710025897649,-0.00312706845526966,1.93849501625155,2.2548705539773
"284",0.745,0.255,1.8825,5.5,5,0.981232840372034,1.30340458173345,0.0488333715552042,1.91363230918886,2.38063509520991
"285",0.99,0.255,1.8825,5.5,5,0.830560301447779,1.00724021877598,0.110024054974979,1.55109654792058,2.6075828166222
"286",0.01,0.5,1.8825,5.5,5,-0.319520970357116,0.00398810221741234,-0.322373886820058,-0.316668053894173,-253.357103562714
"287",0.255,0.5,1.8825,5.5,5,1.3273592608316,0.852270476997113,0.717681689356805,1.9370368323064,4.92505448778981
"288",0.5,0.5,1.8825,5.5,5,0.970990224455311,1.36928979043666,-0.00854068340867718,1.9505211323193,2.2424330601762
"289",0.745,0.5,1.8825,5.5,5,0.979511746547504,1.32832065070393,0.0292883957230005,1.92973509737201,2.33188282688988
"290",0.99,0.5,1.8825,5.5,5,0.929434677029522,1.0903926712171,0.14941474945457,1.70945460460447,2.69547897132838
"291",0.01,0.745,1.8825,5.5,5,-0.303256124294943,0.00476149195195947,-0.306662290445501,-0.299849958144385,-201.40327377273
"292",0.255,0.745,1.8825,5.5,5,1.3204113687169,0.864157572602855,0.702230281308605,1.9385924561252,4.83188194596169
"293",0.5,0.745,1.8825,5.5,5,0.973281856095933,1.37184321796646,-0.0080756637853959,1.95463937597726,2.2435417037974
"294",0.745,0.745,1.8825,5.5,5,0.976614041827492,1.35072011471327,0.0103670797338665,1.94286100392112,2.28642835287414
"295",0.99,0.745,1.8825,5.5,5,0.978905130793,1.15681465856248,0.151369775862237,1.80644048572376,2.67594277408072
"296",0.01,0.99,1.8825,5.5,5,-0.294522129539253,0.00567415046343617,-0.298581172258788,-0.290463086819717,-164.14100342753
"297",0.255,0.99,1.8825,5.5,5,1.31664516522403,0.868466443990204,0.69538169691185,1.93790863353621,4.79419512540615
"298",0.5,0.99,1.8825,5.5,5,0.973206549056268,1.37234579706802,-0.00851049425615769,1.95492359236869,2.2425465472225
"299",0.745,0.99,1.8825,5.5,5,0.973642244423643,1.36290829630209,-0.00132361754076683,1.94860810638805,2.25908604921622
"300",0.99,0.99,1.8825,5.5,5,0.974827859181913,1.20120395317675,0.115538315797662,1.83411740256616,2.56632219153805
"301",0.01,0.01,3.755,5.5,5,-0.482701256549744,0.00131934555656687,-0.483645059504996,-0.481757453594492,-1156.96406640765
"302",0.255,0.01,3.755,5.5,5,0.95039711553042,0.848722917544389,0.34325731520947,1.55753691585137,3.54110806318969
"303",0.5,0.01,3.755,5.5,5,0.761512958029341,1.15464268571455,-0.0644686611250816,1.58749457718376,2.08559361688127
"304",0.745,0.01,3.755,5.5,5,0.734828590119908,1.0802958539522,-0.0379685094962769,1.50762568973609,2.15101448930676
"305",0.99,0.01,3.755,5.5,5,0.473120284012906,0.778830117939234,-0.0840212194328729,1.03026178745868,1.92100648170268
"306",0.01,0.255,3.755,5.5,5,-0.450962733886519,0.00336191467124966,-0.453367702763881,-0.448557765009156,-424.183692445623
"307",0.255,0.255,3.755,5.5,5,1.08477357571211,1.1689579489329,0.248551434153654,1.92099571727056,2.93454118511861
"308",0.5,0.255,3.755,5.5,5,0.96334904175249,1.33983705586175,0.00488735096638687,1.92181073253859,2.27369226754157
"309",0.745,0.255,3.755,5.5,5,0.95413266364232,1.23387497324817,0.071471680424875,1.83679364685977,2.44533074459742
"310",0.99,0.255,3.755,5.5,5,0.715738325018526,0.878963950657205,0.0869653928166357,1.34451125722042,2.57503543124845
"311",0.01,0.5,3.755,5.5,5,-0.401738582346478,0.00500906359447669,-0.405321850581233,-0.398155314111723,-253.622043366112
"312",0.255,0.5,3.755,5.5,5,1.07229571778633,1.19709524419061,0.215945367749942,1.92864606782273,2.83260401367865
"313",0.5,0.5,3.755,5.5,5,0.960515308503597,1.35302893788879,-0.00738328619330528,1.9284139032005,2.24490106403054
"314",0.745,0.5,3.755,5.5,5,0.9717538926396,1.28377017827173,0.053400029933726,1.89010775534547,2.39369606638847
"315",0.99,0.5,3.755,5.5,5,0.941077903047531,0.945497908500029,0.264709444621216,1.61744636147385,3.14749467188824
"316",0.01,0.745,3.755,5.5,5,-0.37026201261444,0.00553790113949073,-0.374223588439158,-0.366300436789723,-211.428709434727
"317",0.255,0.745,3.755,5.5,5,1.0744656025261,1.20862368769537,0.209868300813486,1.93906290423872,2.81126260065824
"318",0.5,0.745,3.755,5.5,5,0.967914811133057,1.36851097955897,-0.011058968991134,1.94688859125725,2.23660272362489
"319",0.745,0.745,3.755,5.5,5,0.980502361441899,1.32965156718625,0.0293269303205008,1.9316777925633,2.3319046807815
"320",0.99,0.745,3.755,5.5,5,0.991714558579723,1.07523596762948,0.222537083587926,1.76089203357152,2.91664052196316
"321",0.01,0.99,3.755,5.5,5,-0.347915129612753,0.00559024665070994,-0.351914151160418,-0.343916108065089,-196.807817391971
"322",0.255,0.99,3.755,5.5,5,1.08019063213811,1.21500323478482,0.211029677358086,1.94935158691812,2.81140214852057
"323",0.5,0.99,3.755,5.5,5,0.972815175139058,1.37562999604404,-0.0112512425914426,1.95688159286956,2.23629297460925
"324",0.745,0.99,3.755,5.5,5,0.975795382065393,1.35642060338672,0.00547053603180918,1.94612022809898,2.27491084247495
"325",0.99,0.99,3.755,5.5,5,0.980615393459914,1.15546793149765,0.154043429035434,1.80718735788439,2.68374228952959
"326",0.01,0.01,5.6275,5.5,5,-0.455945496513285,0.0016435156482581,-0.457121196782337,-0.454769796244233,-877.281734072007
"327",0.255,0.01,5.6275,5.5,5,0.888930056897772,0.993631557993509,0.178128859896724,1.59973125389882,2.8290603672618
"328",0.5,0.01,5.6275,5.5,5,0.781565820313183,1.1746437526026,-0.0587237001663814,1.62185534079275,2.10406612902977
"329",0.745,0.01,5.6275,5.5,5,0.744949894901449,1.13808092802392,-0.0691841565139683,1.55908394631687,2.06992170115877
"330",0.99,0.01,5.6275,5.5,5,0.516836734136931,0.826970191485661,-0.0747421033742198,1.10841557164808,1.97634845263215
"331",0.01,0.255,5.6275,5.5,5,-0.528837366166978,0.0034510367324215,-0.531306089126274,-0.526368643207682,-484.587884325036
"332",0.255,0.255,5.6275,5.5,5,1.01880430843369,1.25109475846114,0.123825032944816,1.91378358392257,2.57513836010786
"333",0.5,0.255,5.6275,5.5,5,0.962801839826497,1.33160452434918,0.0102293473115288,1.91537433234147,2.28644968801109
"334",0.745,0.255,5.6275,5.5,5,0.833597871911771,1.25490115521386,-0.0641043357810313,1.73130007960457,2.10061797852218
"335",0.99,0.255,5.6275,5.5,5,0.561834693519065,0.682527288490263,0.0735840841841232,1.05008530285401,2.60308610363823
"336",0.01,0.5,5.6275,5.5,5,-0.439734578359096,0.00459397581730607,-0.443020910685868,-0.436448246032324,-302.692675984516
"337",0.255,0.5,5.6275,5.5,5,1.001901651556,1.28289122886104,0.0841765513810653,1.91962675173093,2.46964913246323
"338",0.5,0.5,5.6275,5.5,5,0.959231925961936,1.34830691144434,-0.00528873450774781,1.92375258643162,2.24975312715732
"339",0.745,0.5,5.6275,5.5,5,0.950008477279259,1.28967422601098,0.0274311132499301,1.87258584130859,2.32941817714918
"340",0.99,0.5,5.6275,5.5,5,0.92396051762821,0.880752274646919,0.293908295510165,1.55401273974626,3.3174137471795
"341",0.01,0.745,5.6275,5.5,5,-0.390162333481202,0.00501651087223757,-0.393750929177534,-0.386573737784869,-245.948162463853
"342",0.255,0.745,5.6275,5.5,5,1.01122344977222,1.29073611532033,0.0878864558920772,1.93456044365237,2.47747722148419
"343",0.5,0.745,5.6275,5.5,5,0.966574635602917,1.36715614117801,-0.0114299515289782,1.94457922273481,2.23571930446715
"344",0.745,0.745,5.6275,5.5,5,0.961036597550866,1.35797480605473,-0.0104000580945592,1.93247325319629,2.23793884060972
"345",0.99,0.745,5.6275,5.5,5,0.994084964830855,1.07167780758985,0.227452844195955,1.76071708546576,2.93331881497446
"346",0.01,0.99,5.6275,5.5,5,-0.360172443103294,0.00535962225672215,-0.364006485898035,-0.356338400308554,-212.508497069042
"347",0.255,0.99,5.6275,5.5,5,1.0201855451447,1.30002466337249,0.0902039242689998,1.95016716602039,2.48157596508107
"348",0.5,0.99,5.6275,5.5,5,0.972834438721327,1.3757699487454,-0.0113320951406047,1.95700097258326,2.23610976196733
"349",0.745,0.99,5.6275,5.5,5,0.971692513033971,1.36601008196087,-0.00549223272229022,1.94887725879023,2.24944278750076
"350",0.99,0.99,5.6275,5.5,5,0.989963065097809,1.15397477063663,0.164459243606985,1.81546688658863,2.71283061363946
"351",0.01,0.01,7.5,5.5,5,-0.469614226265447,0.00167064361872624,-0.470809332715519,-0.468419119815376,-888.90925627139
"352",0.255,0.01,7.5,5.5,5,0.847607213391325,1.09678908146644,0.0630115695710866,1.63220285721156,2.44383300380893
"353",0.5,0.01,7.5,5.5,5,0.79602817749319,1.19872344159829,-0.0614869148030725,1.65354326978945,2.09995236198512
"354",0.745,0.01,7.5,5.5,5,0.80298818641978,1.16390998465002,-0.0296228590278201,1.63559923186738,2.1816735286947
"355",0.99,0.01,7.5,5.5,5,0.489902407810358,0.808037986118653,-0.0881331458462491,1.06793796146696,1.91724580588456
"356",0.01,0.255,7.5,5.5,5,-0.558995133373689,0.00322241873950526,-0.561300312872923,-0.556689953874454,-548.562420128507
"357",0.255,0.255,7.5,5.5,5,0.98082936999692,1.30012874385031,0.0507732944326329,1.91088544556121,2.38565205165204
"358",0.5,0.255,7.5,5.5,5,0.961944603839654,1.32850420217881,0.0115899481999956,1.91229925947931,2.28974505767671
"359",0.745,0.255,7.5,5.5,5,0.950406282497199,1.34193058394721,-0.00955302806268317,1.91036559305708,2.23964532232675
"360",0.99,0.255,7.5,5.5,5,0.758209663344049,0.687342244000083,0.266514642333216,1.24990468435488,3.4883196850569
"361",0.01,0.5,7.5,5.5,5,-0.454484795384916,0.00436960904085378,-0.457610625388682,-0.451358965381149,-328.909772452114
"362",0.255,0.5,7.5,5.5,5,0.980627871289468,1.31233600634665,0.0418392461954318,1.9194164963835,2.36297533201877
"363",0.5,0.5,7.5,5.5,5,0.958676611217661,1.34707213259408,-0.00496074167414299,1.92231396410947,2.25051172660037
"364",0.745,0.5,7.5,5.5,5,0.953073829076605,1.35371728125554,-0.0153171768013801,1.92146483495459,2.22637630464817
"365",0.99,0.5,7.5,5.5,5,0.912442576362902,0.866472478383457,0.292605505117778,1.53227964760803,3.33005011400022
"366",0.01,0.745,7.5,5.5,5,-0.399414409549159,0.00491265058944705,-0.402928708074941,-0.395900111023377,-257.103419319063
"367",0.255,0.745,7.5,5.5,5,0.982470936340948,1.33025291288305,0.0308653284224637,1.93407654425943,2.3355302316326
"368",0.5,0.745,7.5,5.5,5,0.966564669674697,1.36709422101916,-0.0113956224439474,1.94452496179334,2.23579751492306
"369",0.745,0.745,7.5,5.5,5,0.973636474704022,1.36578178756878,-0.00338495908226498,1.95065790849031,2.25431976111086
"370",0.99,0.745,7.5,5.5,5,0.997605947156517,1.08301273036553,0.222865311235388,1.77234658307764,2.91289927799779
"371",0.01,0.99,7.5,5.5,5,-0.366360412483833,0.00662770100767623,-0.371101584170383,-0.361619240797283,-174.801691661389
"372",0.255,0.99,7.5,5.5,5,0.992440717160157,1.33933220232103,0.0343401768409062,1.95054125747941,2.34323725172763
"373",0.5,0.99,7.5,5.5,5,0.972821910783898,1.37577448676832,-0.0113478693840645,1.95699169095186,2.23607359009871
"374",0.745,0.99,7.5,5.5,5,0.972599142947773,1.36244727399623,-0.00203692352633556,1.94723520942188,2.25742940717364
"375",0.99,0.99,7.5,5.5,5,0.97849840082152,1.16669578046761,0.143894517097181,1.81310228454586,2.65217693012329
"376",0.01,0.01,0.01,7.75,5,-0.532363171247651,0.000978920496615923,-0.533063448785302,-0.531662893710001,-1719.73124411282
"377",0.255,0.01,0.01,7.75,5,0.0228797630922549,0.00237817110970705,0.021178521965346,0.0245810042191637,30.4234474135442
"378",0.5,0.01,0.01,7.75,5,0.0241368412000893,0.0110637379962922,0.0162223198185917,0.0320513625815869,6.89887936063328
"379",0.745,0.01,0.01,7.75,5,-0.0163925109181147,0.0488862708869944,-0.0513636424042788,0.0185786205680494,-1.06037278217126
"380",0.99,0.01,0.01,7.75,5,-0.165141027344171,0.239404811044224,-0.336400912247259,0.00611885755891657,-2.18133369697095
"381",0.01,0.255,0.01,7.75,5,-0.530888616763546,0.00105526824546664,-0.531643510190592,-0.5301337233365,-1590.89143451547
"382",0.255,0.255,0.01,7.75,5,0.044436631213412,0.00430293172671778,0.0413584992867842,0.0475147631400399,32.657028998808
"383",0.5,0.255,0.01,7.75,5,0.0276069925765433,0.0111690877481141,0.0196171085225376,0.0355968766305491,7.8163031626265
"384",0.745,0.255,0.01,7.75,5,-0.0196112228663526,0.0475125222200751,-0.0535996337565679,0.0143771880238628,-1.30525867836684
"385",0.99,0.255,0.01,7.75,5,-0.158214380433486,0.214298443896697,-0.311514252213755,-0.0049145086532167,-2.33467771237468
"386",0.01,0.5,0.01,7.75,5,-0.528198064567408,0.00111699940331777,-0.528997117804537,-0.52739901133028,-1495.35347535947
"387",0.255,0.5,0.01,7.75,5,0.0619320240084257,0.00659657210557367,0.0572131205969701,0.0666509274198813,29.6890950082057
"388",0.5,0.5,0.01,7.75,5,0.0305143114249028,0.0109330280821792,0.0226932942831447,0.0383353285666609,8.82598348866193
"389",0.745,0.5,0.01,7.75,5,-0.0231989153733103,0.0459938395544976,-0.0561009261307269,0.00970309538410625,-1.59502691090251
"390",0.99,0.5,0.01,7.75,5,-0.153345975698206,0.191330158369615,-0.29021532580837,-0.0164766255880408,-2.53448048838374
"391",0.01,0.745,0.01,7.75,5,-0.524813611396329,0.00116982605639853,-0.525650454544558,-0.523976768248099,-1418.6778880445
"392",0.255,0.745,0.01,7.75,5,0.0765066899336242,0.00909461120006098,0.0700007970045424,0.083012582862706,26.6020603969202
"393",0.5,0.745,0.01,7.75,5,0.0329229161758331,0.0104531188855058,0.0254452053921541,0.040400626959512,9.95984102647034
"394",0.745,0.745,0.01,7.75,5,-0.027155184151846,0.0443488311011649,-0.0588804267517909,0.00457005844809886,-1.93629076728666
"395",0.99,0.745,0.01,7.75,5,-0.151154878688524,0.17120449458787,-0.273627196225174,-0.0286825611518747,-2.79194595476496
"396",0.01,0.99,0.01,7.75,5,-0.521048032822878,0.00121733450433823,-0.521918861467433,-0.520177204178323,-1353.52982125993
"397",0.255,0.99,0.01,7.75,5,0.0888961146100313,0.0117215897086139,0.0805109944630197,0.097281234757043,23.9825999966955
"398",0.5,0.99,0.01,7.75,5,0.0348842900463707,0.00985195116326745,0.0278366287444416,0.0419319513482998,11.1971536679731
"399",0.745,0.99,0.01,7.75,5,-0.0314718635207314,0.0426044429392977,-0.0619492460023912,-0.000994481039071669,-2.33597165153118
"400",0.99,0.99,0.01,7.75,5,-0.151908027029826,0.154391773076153,-0.262353248124908,-0.0414628059347445,-3.11140516560899
"401",0.01,0.01,1.8825,7.75,5,-0.517034023705644,0.00132175906555217,-0.517979553181217,-0.516088494230072,-1236.99181289768
"402",0.255,0.01,1.8825,7.75,5,1.06836912765166,0.678006340020339,0.583352610026218,1.55338564527711,4.9829619957316
"403",0.5,0.01,1.8825,7.75,5,0.816746636688854,1.20420592413433,-0.0446903873514273,1.67818366072913,2.1447989845055
"404",0.745,0.01,1.8825,7.75,5,0.792054125514721,1.09142496851422,0.0112957369392604,1.57281251409018,2.2948852546127
"405",0.99,0.01,1.8825,7.75,5,0.47725114991416,0.664743487867653,0.00172230516900736,0.952779994659312,2.27035040915465
"406",0.01,0.255,1.8825,7.75,5,-0.415784382638176,0.00304512399334546,-0.417962733116352,-0.413606032159999,-431.780665594211
"407",0.255,0.255,1.8825,7.75,5,1.2983305087798,0.875378865199093,0.672122192218865,1.92453882534074,4.69017670708285
"408",0.5,0.255,1.8825,7.75,5,0.968886734912412,1.36196893169121,-0.00540714609038521,1.94318061591521,2.24960261996758
"409",0.745,0.255,1.8825,7.75,5,0.983957402534255,1.28646139998827,0.0636783557879574,1.90423644928055,2.418686260326
"410",0.99,0.255,1.8825,7.75,5,0.716985876054869,0.941743657749535,0.0433030468296657,1.39066870528007,2.40756430887223
"411",0.01,0.5,1.8825,7.75,5,-0.382897705842865,0.00385387693188808,-0.385654603320852,-0.380140808364878,-314.184620504581
"412",0.255,0.5,1.8825,7.75,5,1.2974572101779,0.896020804236531,0.65648253997391,1.93843188038189,4.57904540985064
"413",0.5,0.5,1.8825,7.75,5,0.970297124600246,1.37016190219203,-0.00985765443072857,1.95045190363122,2.23940609933769
"414",0.745,0.5,1.8825,7.75,5,0.983044520452246,1.31325216168113,0.0436005173127423,1.92248852359175,2.36714609477405
"415",0.99,0.5,1.8825,7.75,5,0.874847837188664,1.04972136649896,0.123922408318672,1.62577326605866,2.63547247858281
"416",0.01,0.745,1.8825,7.75,5,-0.37006434588739,0.00448574026419011,-0.373273251163769,-0.36685544061101,-260.881403046594
"417",0.255,0.745,1.8825,7.75,5,1.29282097831779,0.904018226296233,0.646125297013427,1.93951665962215,4.52231910752617
"418",0.5,0.745,1.8825,7.75,5,0.972236863810444,1.37244358534399,-0.00955013302051676,1.95402386064141,2.24015248980114
"419",0.745,0.745,1.8825,7.75,5,0.978581654586244,1.33873163520331,0.0209107341021562,1.93625257507033,2.31155133977149
"420",0.99,0.745,1.8825,7.75,5,0.950522353775434,1.13469415375504,0.138811054722227,1.76223365282864,2.64900951052544
"421",0.01,0.99,1.8825,7.75,5,-0.363181789203413,0.00522237133790102,-0.366917648605524,-0.359445929801303,-219.915740239095
"422",0.255,0.99,1.8825,7.75,5,1.29305850279777,0.907969708840604,0.643536101166475,1.94258090442907,4.50346523333854
"423",0.5,0.99,1.8825,7.75,5,0.97219074814441,1.37289458220364,-0.00991887240467101,1.95430036869349,2.23931037687164
"424",0.745,0.99,1.8825,7.75,5,0.97426723407888,1.35558887388422,0.00453737148880712,1.94399709666895,2.27274180890394
"425",0.99,0.99,1.8825,7.75,5,0.9599208953529,1.18660612975384,0.111074005766367,1.80876778493943,2.55816679754808
"426",0.01,0.01,3.755,7.75,5,-0.479600377447779,0.00149013747413533,-0.480666357580747,-0.47853439731481,-1017.77828269937
"427",0.255,0.01,3.755,7.75,5,0.97924377479244,0.886069061061561,0.345388152795109,1.61309939678977,3.49480740155303
"428",0.5,0.01,3.755,7.75,5,0.796152421202342,1.19192746284895,-0.0565011207627485,1.64880596316743,2.11225522871956
"429",0.745,0.01,3.755,7.75,5,0.758726120520629,1.08868370600554,-0.020071286988174,1.53752352802943,2.20385649925065
"430",0.99,0.01,3.755,7.75,5,0.366648118042199,0.706683593323556,-0.138882870777972,0.872179106862369,1.64068214372252
"431",0.01,0.255,3.755,7.75,5,-0.578684194242455,0.00304471198689132,-0.58086224998897,-0.576506138495941,-601.0289668199
"432",0.255,0.255,3.755,7.75,5,1.08854730335686,1.15378805687153,0.263177048847341,1.91391755786638,2.98346719654529
"433",0.5,0.255,3.755,7.75,5,0.961357161045382,1.33745341732483,0.00460062254799994,1.91811369954276,2.27303488438309
"434",0.745,0.255,3.755,7.75,5,0.961478496125325,1.20397256536073,0.10020840689531,1.82274858535534,2.5253581821596
"435",0.99,0.255,3.755,7.75,5,0.644947192346456,0.876149640692857,0.0181874962131042,1.27170688847981,2.32780110111406
"436",0.01,0.5,3.755,7.75,5,-0.494823147168684,0.00412573884178954,-0.49777452294139,-0.491871771395979,-379.269809367532
"437",0.255,0.5,3.755,7.75,5,1.09708100101196,1.16015510835433,0.267156032253545,1.92700596977037,2.99035423445786
"438",0.5,0.5,3.755,7.75,5,0.963876625442341,1.35536439834132,-0.00569265701789631,1.93344590790258,2.24887530137649
"439",0.745,0.5,3.755,7.75,5,0.9824632452751,1.27039811673269,0.0736751791382446,1.89125131141196,2.44554957343636
"440",0.99,0.5,3.755,7.75,5,0.859859722634157,1.00255585331346,0.142674469345058,1.57704497592326,2.71218324922033
"441",0.01,0.745,3.755,7.75,5,-0.448695911152733,0.00478449617041593,-0.452118533529831,-0.445273288775636,-296.562272287039
"442",0.255,0.745,3.755,7.75,5,1.09789284844754,1.17055672258253,0.260527013117741,1.93525868377734,2.96597504497225
"443",0.5,0.745,3.755,7.75,5,0.969074328283066,1.36907858243054,-0.0103054904751504,1.94845414704128,2.2383536918179
"444",0.745,0.745,3.755,7.75,5,0.983403398030909,1.314789246817,0.0428598304243994,1.92394696563742,2.36524188500582
"445",0.99,0.745,3.755,7.75,5,0.956267024426622,1.10127277265197,0.168463941152576,1.74407010770067,2.74589722328099
"446",0.01,0.99,3.755,7.75,5,-0.420158860764624,0.0079589286793426,-0.42585233535952,-0.414465386169728,-166.939425222681
"447",0.255,0.99,3.755,7.75,5,1.0866598598096,1.20592294864802,0.223994550425727,1.94932516919346,2.8495354555862
"448",0.5,0.99,3.755,7.75,5,0.97258444395461,1.37560515469325,-0.0114642033440542,1.95663309125327,2.2358029477076
"449",0.745,0.99,3.755,7.75,5,0.976920185977935,1.34645212587553,0.0137263591739906,1.94011401278188,2.29439489196599
"450",0.99,0.99,3.755,7.75,5,0.962763869092843,1.16199595423696,0.131522038519459,1.79400569966623,2.62008371384459
"451",0.01,0.01,5.6275,7.75,5,-0.484848928548261,0.00166101890120624,-0.486037149890186,-0.483660707206335,-923.064110944979
"452",0.255,0.01,5.6275,7.75,5,0.90170591237939,1.04374028834956,0.155059089068721,1.64835273569006,2.7319482581898
"453",0.5,0.01,5.6275,7.75,5,0.810164970781742,1.20666063387697,-0.0530280468250857,1.67335798838857,2.1231873454946
"454",0.745,0.01,5.6275,7.75,5,0.761658509784519,1.12782474795844,-0.0451387123921787,1.56845573196122,2.13559393383472
"455",0.99,0.01,5.6275,7.75,5,0.386463915463612,0.737206632645047,-0.140901940326402,0.913829771253625,1.65775259230502
"456",0.01,0.255,5.6275,7.75,5,-0.619743153087355,0.00285661354108642,-0.621786651311661,-0.61769965486305,-686.057074176407
"457",0.255,0.255,5.6275,7.75,5,1.03172568102661,1.22583347845901,0.154817236640919,1.9086341254123,2.66153856120317
"458",0.5,0.255,5.6275,7.75,5,0.960251882977529,1.32934815105072,0.00929350268406027,1.911210263271,2.28426471671423
"459",0.745,0.255,5.6275,7.75,5,0.911856510776121,1.16952511215433,0.075228645090404,1.74848437646184,2.46556781324239
"460",0.99,0.255,5.6275,7.75,5,0.539086818149262,0.709744699121559,0.031366046156583,1.04680759014194,2.40190903015493
"461",0.01,0.5,5.6275,7.75,5,-0.514631374198755,0.00385894587879922,-0.517391897782921,-0.511870850614589,-421.723275983563
"462",0.255,0.5,5.6275,7.75,5,1.0110969535853,1.26780970078792,0.104160528670058,1.91803337850054,2.52196312001714
"463",0.5,0.5,5.6275,7.75,5,0.962095947428658,1.35135229671605,-0.00460325042648617,1.9287951452838,2.25138517090297
"464",0.745,0.5,5.6275,7.75,5,0.929647257367866,1.33167866922436,-0.0229782751956041,1.88227278993134,2.20759168240151
"465",0.99,0.5,5.6275,7.75,5,0.827690056257988,0.962703713365848,0.139013306498125,1.51636680601785,2.71878641175811
"466",0.01,0.745,5.6275,7.75,5,-0.461396761033517,0.00444910567817041,-0.464579459505789,-0.458214062561244,-327.945608720705
"467",0.255,0.745,5.6275,7.75,5,1.01132161946133,1.29536521253128,0.0846731689229229,1.93797006999975,2.46886340124766
"468",0.5,0.745,5.6275,7.75,5,0.968099234927824,1.36782481772304,-0.0103836945884205,1.94658216444407,2.23815107298209
"469",0.745,0.745,5.6275,7.75,5,0.973005849676667,1.33554903931762,0.0176116211383211,1.92840007821501,2.30385749310844
"470",0.99,0.745,5.6275,7.75,5,0.979006873166336,1.11066300462274,0.18448642260333,1.77352732372934,2.78742656528546
"471",0.01,0.99,5.6275,7.75,5,-0.431671233949922,0.00656637421062341,-0.436368535088679,-0.426973932811165,-207.887070683344
"472",0.255,0.99,5.6275,7.75,5,1.02096033773698,1.29202026511806,0.0967047184307224,1.94521595704324,2.49884630691035
"473",0.5,0.99,5.6275,7.75,5,0.972597925414486,1.37565914445584,-0.0114893438336987,1.95668519466267,2.23574619066043
"474",0.745,0.99,5.6275,7.75,5,0.973333424805904,1.36356909223274,-0.00210514209093784,1.94877199170275,2.25727508982987
"475",0.99,0.99,5.6275,7.75,5,0.963892614274915,1.18442652986633,0.116604916520168,1.81118031202966,2.5734783914937
"476",0.01,0.01,7.5,7.75,5,-0.489645429070647,0.00199045474921385,-0.491069314621519,-0.488221543519775,-777.910074250731
"477",0.255,0.01,7.5,7.75,5,0.890890785379513,1.08495526455802,0.114760544208702,1.66702102655032,2.59664533671179
"478",0.5,0.01,7.5,7.75,5,0.827169692156311,1.22713590633591,-0.0506704530056496,1.70500983731827,2.13158153483144
"479",0.745,0.01,7.5,7.75,5,0.710435191816371,1.0652613706109,-0.0516068863139133,1.47247726994666,2.10895973331876
"480",0.99,0.01,7.5,7.75,5,0.231497390226914,0.67346792529956,-0.250272541085862,0.713267321539689,1.08699909528168
"481",0.01,0.255,7.5,7.75,5,-0.639485663572553,0.00282554236959002,-0.641506934819752,-0.637464392325354,-715.696656924263
"482",0.255,0.255,7.5,7.75,5,0.971529892467562,1.30437525861767,0.0384360432381369,1.90462374169699,2.35534004101842
"483",0.5,0.255,7.5,7.75,5,0.959655755967298,1.32606795449261,0.0110438869346164,1.90826762499998,2.2884935483631
"484",0.745,0.255,7.5,7.75,5,0.834277099874639,1.24508273676725,-0.0564014343766668,1.72495563412594,2.11890805118184
"485",0.99,0.255,7.5,7.75,5,0.483648458240023,0.612061124629711,0.0458063058599872,0.921490610620058,2.49882022125256
"486",0.01,0.5,7.5,7.75,5,-0.524602293396498,0.00394923143456063,-0.527427403376487,-0.521777183416509,-420.066066111774
"487",0.255,0.5,7.5,7.75,5,0.971272557317269,1.32801207562115,0.0212699478092451,1.92127516682529,2.3128054076635
"488",0.5,0.5,7.5,7.75,5,0.961426341565097,1.3500207924344,-0.0043203555068389,1.92717303863703,2.25203719740225
"489",0.745,0.5,7.5,7.75,5,0.956347325895631,1.29462711042824,0.030226881793943,1.88246776999732,2.33598984578745
"490",0.99,0.5,7.5,7.75,5,0.891624211915255,0.92873678109288,0.227245941731498,1.55600248209901,3.03591220247244
"491",0.01,0.745,7.5,7.75,5,-0.466693187395377,0.0056010915551794,-0.470699966920348,-0.462686407870405,-263.486755414393
"492",0.255,0.745,7.5,7.75,5,0.983598662835563,1.33085203434236,0.0315644692436501,1.93563285642748,2.33715845022051
"493",0.5,0.745,7.5,7.75,5,0.968015787458044,1.36774449794444,-0.0104096847498885,1.94644125966598,2.23808957299365
"494",0.745,0.745,7.5,7.75,5,0.983522941666943,1.34347846078635,0.0224563467205865,1.9445895366133,2.31501487926799
"495",0.99,0.745,7.5,7.75,5,1.01404731430254,1.10198558923624,0.225734312762242,1.80236031584284,2.90992840532075
"496",0.01,0.99,7.5,7.75,5,-0.436425314783505,0.00598412171992864,-0.440706097582025,-0.432144531984985,-230.626663003153
"497",0.255,0.99,7.5,7.75,5,1.00007870770768,1.32798355555148,0.0500965002284479,1.95006091518691,2.38145008842427
"498",0.5,0.99,7.5,7.75,5,0.972609535088662,1.37568257313812,-0.0114944940291869,1.95671356420651,2.23573480171492
"499",0.745,0.99,7.5,7.75,5,0.97378017877145,1.36332660412332,-0.0014849225817012,1.9490452801246,2.25871283955754
"500",0.99,0.99,7.5,7.75,5,0.994076323948039,1.11792000604415,0.19436452730159,1.79378812059449,2.81195911579298
"501",0.01,0.01,0.01,10,5,-0.546606735487028,0.00104536693232609,-0.547354545941341,-0.545858925032715,-1653.50769674912
"502",0.255,0.01,0.01,10,5,0.0246555652842652,0.00229838500350243,0.0230113996994304,0.0262997308691001,33.9228385054908
"503",0.5,0.01,0.01,10,5,0.0228173635228117,0.012734378207196,0.0137077381290517,0.0319269889165717,5.66614543388972
"504",0.745,0.01,0.01,10,5,-0.0263328136591528,0.0609680075632673,-0.0699466989128078,0.0172810715945022,-1.36582564679194
"505",0.99,0.01,0.01,10,5,-0.216929819620046,0.317548384656446,-0.444090249563863,0.0102306103237722,-2.16027652967279
"506",0.01,0.255,0.01,10,5,-0.544658301408449,0.00112453634038053,-0.545462746245555,-0.543853856571343,-1531.6186032604
"507",0.255,0.255,0.01,10,5,0.0440924902710128,0.00416517083053129,0.0411129065528447,0.047072073989181,33.4758651297455
"508",0.5,0.255,0.01,10,5,0.0253224629227199,0.0126518348000956,0.0162718855252715,0.0343730403201683,6.32925263933689
"509",0.745,0.255,0.01,10,5,-0.0296343877191739,0.0585806693374868,-0.0715404740861291,0.0122716986477813,-1.59971136070894
"510",0.99,0.255,0.01,10,5,-0.204748415722614,0.275317134549623,-0.401698429254741,-0.00779840219048631,-2.35172918697434
"511",0.01,0.5,0.01,10,5,-0.541230330150462,0.001186025519307,-0.542078761696356,-0.540381898604569,-1443.07230677499
"512",0.255,0.5,0.01,10,5,0.0594974385543923,0.00654909390963301,0.0548124989982859,0.0641823781104987,28.728771242851
"513",0.5,0.5,0.01,10,5,0.0272447062510095,0.0120535996568651,0.0186220804946654,0.0358673320073536,7.14768437545937
"514",0.745,0.5,0.01,10,5,-0.0336119633098451,0.0561770862513318,-0.073798629917045,0.00657470329735481,-1.89205898315174
"515",0.99,0.5,0.01,10,5,-0.194444138990031,0.236309460060549,-0.363489743190544,-0.0253985347895183,-2.60203868571872
"516",0.01,0.745,0.01,10,5,-0.537118358061434,0.00123875080198966,-0.538004507002414,-0.536232209120454,-1371.15340860798
"517",0.255,0.745,0.01,10,5,0.0720788268716412,0.00924845224367827,0.065462882689586,0.0786947710536963,24.6455577627205
"518",0.5,0.745,0.01,10,5,0.0286424517055305,0.0110522413525502,0.0207361545275291,0.0365487488835319,8.19520514180151
"519",0.745,0.745,0.01,10,5,-0.0382503298974822,0.0537626527627721,-0.0767098148346341,0.000209155039669639,-2.24985482510707
"520",0.99,0.745,0.01,10,5,-0.188937518584465,0.204061059955524,-0.334914007063343,-0.0429610301055877,-2.92791233328655
"521",0.01,0.99,0.01,10,5,-0.53272840350637,0.00128723904670642,-0.533649238848066,-0.531807568164673,-1308.71972354764
"522",0.255,0.99,0.01,10,5,0.0826148081614258,0.012150993799599,0.073922510832476,0.0913071054903757,21.5003782041758
"523",0.5,0.99,0.01,10,5,0.0295655917798569,0.00980204622703674,0.0225536303187025,0.0365775532410113,9.53827478768826
"524",0.745,0.99,0.01,10,5,-0.043509656462125,0.051359651263515,-0.0802501376817255,-0.00676917524252463,-2.67894370866806
"525",0.99,0.99,0.01,10,5,-0.188916773194912,0.180242722398306,-0.317854649413494,-0.0599788969763307,-3.31445998793337
"526",0.01,0.01,1.8825,10,5,-0.531349404551511,0.00129847329816477,-0.532278276392572,-0.53042053271045,-1294.03843277476
"527",0.255,0.01,1.8825,10,5,1.09129428346072,0.700866430857532,0.58992464198377,1.59266392493766,4.92387048561437
"528",0.5,0.01,1.8825,10,5,0.832039777812603,1.22622943510868,-0.0451519168968972,1.7092314725221,2.14571655712625
"529",0.745,0.01,1.8825,10,5,0.802688552780232,1.08698617773837,0.0251054838404293,1.58027162172003,2.33519443992485
"530",0.99,0.01,1.8825,10,5,0.333231805104641,0.584809677855452,-0.0851158366277356,0.751579446837018,1.80190501772177
"531",0.01,0.255,1.8825,10,5,-0.51965468353327,0.00266283222510526,-0.52155955895494,-0.517749808111599,-617.122018145237
"532",0.255,0.255,1.8825,10,5,1.29565393602847,0.87987552307572,0.666228904201705,1.92507896785524,4.65658765331909
"533",0.5,0.255,1.8825,10,5,0.969021523116006,1.36224932477125,-0.0054729390129835,1.943515985245,2.24945247470513
"534",0.745,0.255,1.8825,10,5,0.984326132667709,1.2767681951334,0.0709811869553303,1.89767107838009,2.43796215438293
"535",0.99,0.255,1.8825,10,5,0.604661465626642,0.885885830908408,-0.0290630814152483,1.23838601266853,2.15841294442545
"536",0.01,0.5,1.8825,10,5,-0.485610609731555,0.00405146719756565,-0.488508854770647,-0.482712364692462,-379.031967386417
"537",0.255,0.5,1.8825,10,5,1.29286999279022,0.897936756410307,0.650524732967206,1.93521525261323,4.55312010173953
"538",0.5,0.5,1.8825,10,5,0.970292816880186,1.36955406922428,-0.00942714463962674,1.9500127784,2.24039004197912
"539",0.745,0.5,1.8825,10,5,0.985018799342914,1.30486286784918,0.0515761354823141,1.91846146320351,2.38714965438652
"540",0.99,0.5,1.8825,10,5,0.819277294044724,1.02243713677124,0.0878698273345481,1.5506847607549,2.53392819104976
"541",0.01,0.745,1.8825,10,5,-0.461167532995043,0.00471817135493558,-0.464542709457349,-0.457792356532737,-309.090043043826
"542",0.255,0.745,1.8825,10,5,1.29033911085307,0.904442119369858,0.643340194711095,1.93733802699504,4.5115220276728
"543",0.5,0.745,1.8825,10,5,0.971984780219288,1.37250138536741,-0.00984356425759223,1.95381312469617,2.23947734354259
"544",0.745,0.745,1.8825,10,5,0.979482680973387,1.33163630850067,0.0268874514461499,1.93207791050062,2.32600761994198
"545",0.99,0.745,1.8825,10,5,0.919615716402657,1.12293406244639,0.116317079881939,1.72291435292337,2.5897159353991
"546",0.01,0.99,1.8825,10,5,-0.444404371151427,0.00502233202829637,-0.447997131051947,-0.440811611250908,-279.816230200543
"547",0.255,0.99,1.8825,10,5,1.29345226313868,0.909803925863051,0.642617741693326,1.94428678458404,4.49575461255305
"548",0.5,0.99,1.8825,10,5,0.97176053542304,1.37293244693734,-0.0103761719247921,1.95389724277087,2.23825770820448
"549",0.745,0.99,1.8825,10,5,0.974145109646445,1.35118678541617,0.00756431144268542,1.94072590785021,2.27986045397004
"550",0.99,0.99,1.8825,10,5,0.937315313744865,1.18077935001915,0.092636651281111,1.78199397620862,2.51024992700035
"551",0.01,0.01,3.755,10,5,-0.488894856864708,0.00150487408786532,-0.489971378936079,-0.487818334793337,-1027.34261723353
"552",0.255,0.01,3.755,10,5,0.98012930400812,0.929724936654844,0.315044149918938,1.6452144580973,3.33371826434286
"553",0.5,0.01,3.755,10,5,0.814864552168685,1.2111539064749,-0.0515427590214849,1.68127186335885,2.12758094211666
"554",0.745,0.01,3.755,10,5,0.75796796501045,1.08375455915112,-0.0173033432554953,1.53323927327639,2.21166789346961
"555",0.99,0.01,3.755,10,5,0.269227376891107,0.64441692147657,-0.191760718211513,0.730215471993727,1.32115047118519
"556",0.01,0.255,3.755,10,5,-0.639896751637878,0.00261591601203166,-0.641768065222524,-0.638025438053232,-773.54593695353
"557",0.255,0.255,3.755,10,5,1.08572753281218,1.14950708406951,0.263419701760856,1.9080353638635,2.98682102061241
"558",0.5,0.255,3.755,10,5,0.960302968677861,1.33580153807594,0.00472811340899829,1.91587782394672,2.27335014841907
"559",0.745,0.255,3.755,10,5,0.967744220403501,1.19490731686502,0.112959019289233,1.82252942151777,2.56109899550038
"560",0.99,0.255,3.755,10,5,0.577641101797145,0.818339281986329,-0.00776355499885011,1.16304575859314,2.23215674967278
"561",0.01,0.5,3.755,10,5,-0.545132596814517,0.00352872078834346,-0.547656891599701,-0.542608302029333,-488.522820629677
"562",0.255,0.5,3.755,10,5,1.11273322674216,1.1350543273793,0.30076427499949,1.92470217848484,3.10009075316969
"563",0.5,0.5,3.755,10,5,0.965564646761732,1.35606449810253,-0.00450545689755357,1.93563475042102,2.2516506524398
"564",0.745,0.5,3.755,10,5,0.986811531487786,1.2627106529856,0.0835227456318084,1.89010031734376,2.4713278956204
"565",0.99,0.5,3.755,10,5,0.794997561135155,1.00888862216581,0.0732821179136159,1.51671300435669,2.49185387983578
"566",0.01,0.745,3.755,10,5,-0.493754661299298,0.00520653987680441,-0.497479195556382,-0.490030127042215,-299.890017550216
"567",0.255,0.745,3.755,10,5,1.09677127609993,1.17999140745176,0.252656273793264,1.94088627840659,2.93925471221446
"568",0.5,0.745,3.755,10,5,0.97026071033702,1.37006445738001,-0.00982436087472083,1.95034578154876,2.23948132681676
"569",0.745,0.745,3.755,10,5,0.984310427062487,1.30706946632403,0.049289257744201,1.91933159638077,2.38140585054326
"570",0.99,0.745,3.755,10,5,0.909829609816408,1.14805021611176,0.0885639593197474,1.73109526031307,2.50610453210529
"571",0.01,0.99,3.755,10,5,-0.46742460202058,0.00577282401500038,-0.471554231546664,-0.463294972494496,-256.049097104284
"572",0.255,0.99,3.755,10,5,1.08590315197893,1.20407068464564,0.224562872440847,1.94724343151702,2.85193163690387
"573",0.5,0.99,3.755,10,5,0.972458930179874,1.37561587962985,-0.011597389276251,1.956515249636,2.23549698420647
"574",0.745,0.99,3.755,10,5,0.977223298900322,1.34133336503958,0.0176912130103901,1.93675538479025,2.30386530869405
"575",0.99,0.99,3.755,10,5,0.918525494557872,1.19172543499313,0.0660164746146391,1.7710345145011,2.43733377374144
"576",0.01,0.01,5.6275,10,5,-0.484758320245475,0.00139032909582488,-0.485752901765746,-0.483763738725205,-1102.57378004703
"577",0.255,0.01,5.6275,10,5,0.928106225236981,1.02708019328557,0.193377315984467,1.6628351344895,2.8575466662846
"578",0.5,0.01,5.6275,10,5,0.828632377847624,1.22328410594804,-0.0464523553064578,1.70371711100171,2.14207447331213
"579",0.745,0.01,5.6275,10,5,0.756945950106123,1.10340739974031,-0.0323841533972416,1.54627605360949,2.16934676035241
"580",0.99,0.01,5.6275,10,5,0.248786407952049,0.64996133505696,-0.216167921694861,0.713740737598958,1.21042846333521
"581",0.01,0.255,5.6275,10,5,-0.670873187455921,0.00250502829758319,-0.672665176748249,-0.669081198163592,-846.891548308891
"582",0.255,0.255,5.6275,10,5,1.02139376473203,1.23327110819524,0.139164760550468,1.90362276891359,2.61899485278142
"583",0.5,0.255,5.6275,10,5,0.959022684752631,1.32738377423283,0.00946953498176803,1.90857583452349,2.28471680192166
"584",0.745,0.255,5.6275,10,5,0.920666864574879,1.13944248197147,0.105558816140234,1.73577491300952,2.55511296477649
"585",0.99,0.255,5.6275,10,5,0.525488784606372,0.666742220002626,0.0485301330252819,1.00244743618746,2.49232971060873
"586",0.01,0.5,5.6275,10,5,-0.560950368334948,0.00354529077980628,-0.563486516577956,-0.558414220091939,-500.348470244734
"587",0.255,0.5,5.6275,10,5,1.01425677878503,1.26502459812797,0.109312696291425,1.91920086127864,2.53541437690036
"588",0.5,0.5,5.6275,10,5,0.96442064517358,1.35233474983444,-0.00298135730460137,1.93182264765176,2.25518560519941
"589",0.745,0.5,5.6275,10,5,0.972138421776891,1.27865436201043,0.0574441935632168,1.88683264999057,2.40422408518819
"590",0.99,0.5,5.6275,10,5,0.75782185655229,1.00393438527625,0.0396504609035099,1.47599325220107,2.38705154690285
"591",0.01,0.745,5.6275,10,5,-0.501093207352042,0.00813376273394615,-0.506911750695297,-0.495274664008787,-194.817073856629
"592",0.255,0.745,5.6275,10,5,1.02309466706451,1.27700193147789,0.109582516443927,1.9366068176851,2.53351959002228
"593",0.5,0.745,5.6275,10,5,0.969479088035841,1.36879167026331,-0.0096954861221358,1.94865366219382,2.23975797683399
"594",0.745,0.745,5.6275,10,5,0.956118209054275,1.34338305400517,-0.00488013599228369,1.91711655410083,2.2506694899554
"595",0.99,0.745,5.6275,10,5,0.922570032064464,1.18079351481693,0.0778812367148001,1.76725882741413,2.47073054325726
"596",0.01,0.99,5.6275,10,5,-0.475248118571651,0.00410057996741048,-0.478181496769823,-0.472314740373479,-366.500963361348
"597",0.255,0.99,5.6275,10,5,1.02242097683864,1.29873461277422,0.0933622025674622,1.95147975110982,2.48948398120997
"598",0.5,0.99,5.6275,10,5,0.972526395718298,1.37558808124597,-0.0115100379719447,1.95656282940854,2.23569725343827
"599",0.745,0.99,5.6275,10,5,0.97305758403038,1.36405620793857,-0.00272944445063497,1.94884461251139,2.25582951943521
"600",0.99,0.99,5.6275,10,5,0.93814962128597,1.21211927440061,0.0710517274833415,1.8052475150886,2.44752282382034
"601",0.01,0.01,7.5,10,5,-0.496866220173679,0.000947158287497622,-0.497543776395688,-0.49618866395167,-1658.88739916819
"602",0.255,0.01,7.5,10,5,0.879250028792584,1.13664661469014,0.0661420233258162,1.69235803425935,2.44617164897039
"603",0.5,0.01,7.5,10,5,0.843323068601527,1.23943605320059,-0.0433160715645377,1.72996220876759,2.15164121880813
"604",0.745,0.01,7.5,10,5,0.760473368090278,1.11593952320962,-0.0378216764833381,1.55876841266389,2.15498052810981
"605",0.99,0.01,7.5,10,5,0.183995236454004,0.695766057146717,-0.31372581746588,0.681716290373888,0.836263884734467
"606",0.01,0.255,7.5,10,5,-0.687061398912117,0.00245019728978721,-0.688814164464357,-0.685308633359877,-886.736313847
"607",0.255,0.255,7.5,10,5,0.975155537300569,1.3009111437153,0.0445397665896307,1.90577130801151,2.37042520981735
"608",0.5,0.255,7.5,10,5,0.958419862638305,1.32407401537674,0.0112343717222432,1.90560535355437,2.28898814226816
"609",0.745,0.255,7.5,10,5,0.859571042171477,1.22746189652275,-0.0185023023219239,1.73764438666488,2.21449017007114
"610",0.99,0.255,7.5,10,5,0.468062096220528,0.543634725868341,0.0791692407451417,0.856954951695915,2.72267800421606
"611",0.01,0.5,7.5,10,5,-0.569944180998938,0.00361286457570136,-0.572528668623503,-0.567359693374373,-498.862249982349
"612",0.255,0.5,7.5,10,5,0.98320470957245,1.31647806875586,0.041453031529023,1.92495638761588,2.36173040952488
"613",0.5,0.5,7.5,10,5,0.963916518955668,1.35112685876916,-0.00262141030730243,1.93045444821864,2.25602181940013
"614",0.745,0.5,7.5,10,5,0.938093716276965,1.32115699954442,-0.00700506721861567,1.88319249977255,2.24539006579078
"615",0.99,0.5,7.5,10,5,0.766648067922971,1.04183398447766,0.0213649322519426,1.511931203594,2.32700612048046
"616",0.01,0.745,7.5,10,5,-0.511827639461809,0.00416625909669261,-0.514808001678691,-0.508847277244927,-388.487867068008
"617",0.255,0.745,7.5,10,5,0.983683387171491,1.33781822316948,0.0266658822937999,1.94070089204918,2.32518883810801
"618",0.5,0.745,7.5,10,5,0.969318675417298,1.36870279949153,-0.00979232442035036,1.94842967525495,2.23953278534599
"619",0.745,0.745,7.5,10,5,0.967961427244208,1.35471378738888,-0.00114243617810414,1.93706529066652,2.25949039994555
"620",0.99,0.745,7.5,10,5,0.942891981919321,1.1594125679385,0.113498194575336,1.77228576926331,2.57172151900766
"621",0.01,0.99,7.5,10,5,-0.480210008451078,0.00458016008458125,-0.483486457598034,-0.476933559304121,-331.55115844667
"622",0.255,0.99,7.5,10,5,0.9976268760226,1.3317239586689,0.0449689453422141,1.95028480670299,2.3689392705551
"623",0.5,0.99,7.5,10,5,0.972520734073494,1.3756133855897,-0.011533801253784,1.95657526940077,2.23564311283058
"624",0.745,0.99,7.5,10,5,0.972783909753835,1.3636643279822,-0.00272278469407706,1.94829060420175,2.25584314472583
"625",0.99,0.99,7.5,10,5,0.945259184993782,1.20260324684832,0.0849686472180916,1.80554972276947,2.48558451144097
