"","lambda","mu","rho","phi","a0","m","s","l_conf","u_conf","t_stat"
"1",0.01,0.01,0.01,5,0.5,-0.188904652320197,0.000104809287096402,-0.188979628367532,-0.188829676272863,-5699.58043302581
"2",0.255,0.01,0.01,5,0.5,-0.38587398818412,0.00855642305435802,-0.391994884506462,-0.379753091861779,-142.611075296612
"3",0.5,0.01,0.01,5,0.5,-0.0816586345253293,0.00515330360115869,-0.0853450858449816,-0.0779721832056769,-50.1090748197413
"4",0.745,0.01,0.01,5,0.5,-0.00598399221154216,0.00198358055437866,-0.00740296025966606,-0.00456502416341827,-9.53984190226589
"5",0.99,0.01,0.01,5,0.5,0.00917276193041805,0.00105395747522325,0.00841880617191769,0.00992671768891842,27.5218126124677
"6",0.01,0.255,0.01,5,0.5,-0.196385597256238,0.000108153846750844,-0.196462965857418,-0.196308228655057,-5742.05916515288
"7",0.255,0.255,0.01,5,0.5,-0.400536419131687,0.00866157610792217,-0.40673253741708,-0.394340300846294,-146.232897399065
"8",0.5,0.255,0.01,5,0.5,-0.0837364688558472,0.00471871158126928,-0.087112031772792,-0.0803609059389025,-56.1165818769969
"9",0.745,0.255,0.01,5,0.5,-0.00991508003825923,0.00164730485648243,-0.0110934909435829,-0.00873666913293551,-19.0336572980917
"10",0.99,0.255,0.01,5,0.5,0.0047332009008348,0.000702882060214957,0.00423038936497714,0.00523601243669246,21.2947467534188
"11",0.01,0.5,0.01,5,0.5,-0.203947129575278,0.000111572078143497,-0.204026943431891,-0.203867315718665,-5780.45566993823
"12",0.255,0.5,0.01,5,0.5,-0.411386330453229,0.00869544666231724,-0.417606678273617,-0.405165982632841,-149.609083122616
"13",0.5,0.5,0.01,5,0.5,-0.0856952260958976,0.00430288218092588,-0.088773322579601,-0.0826171296121942,-62.979205023881
"14",0.745,0.5,0.01,5,0.5,-0.0140004370058114,0.00139582441737957,-0.0149989496423064,-0.0130019243693164,-31.7183655944262
"15",0.99,0.5,0.01,5,0.5,0.000281973993393891,0.000464038231854986,-4.99789603979893e-05,0.000613926947185772,1.92156593755969
"16",0.01,0.745,0.01,5,0.5,-0.211587880842126,0.000115064073380767,-0.211670192721648,-0.211505568962604,-5815.01774698396
"17",0.255,0.745,0.01,5,0.5,-0.419295676490191,0.00867201461567346,-0.425499262034191,-0.41309209094619,-152.897499546839
"18",0.5,0.745,0.01,5,0.5,-0.0876686210217666,0.00392340213027357,-0.0904752538305579,-0.0848619882129754,-70.6612558564242
"19",0.745,0.745,0.01,5,0.5,-0.018220306308624,0.00126965600633998,-0.0191285635009664,-0.0173120491162815,-45.3805340292763
"20",0.99,0.745,0.01,5,0.5,-0.00417055581022157,0.000534875815011313,-0.0045531829183266,-0.00378792870211654,-24.6570420628762
"21",0.01,0.99,0.01,5,0.5,-0.219306423283856,0.000118630039463255,-0.219391286101842,-0.219221560465871,-5845.97127523319
"22",0.255,0.99,0.01,5,0.5,-0.424923504700693,0.00860338480333897,-0.431077995434485,-0.418769013966901,-156.185749784661
"23",0.5,0.99,0.01,5,0.5,-0.0897413636536743,0.00359782861716842,-0.0923150952014646,-0.087167632105884,-78.8773284310603
"24",0.745,0.99,0.01,5,0.5,-0.0225543310830753,0.00129696334171899,-0.0234821227663647,-0.0216265393997858,-54.9923463754335
"25",0.99,0.99,0.01,5,0.5,-0.00861587762447511,0.000848009234145973,-0.00922250688644833,-0.0080092483625019,-32.1291281244849
"26",0.01,0.01,1.8825,5,0.5,-0.329049008183806,0.000267370074006768,-0.329240273212697,-0.328857743154915,-3891.77559061405
"27",0.255,0.01,1.8825,5,0.5,0.0775757191404057,0.0304261561974687,0.0558101581824043,0.099341280098407,8.06266693752169
"28",0.5,0.01,1.8825,5,0.5,0.168697383819192,0.147839024812236,0.062939716447791,0.274455051190594,3.60843808904867
"29",0.745,0.01,1.8825,5,0.5,0.12473744821737,0.310058211455126,-0.0970648345999671,0.346539731034707,1.27219480507546
"30",0.99,0.01,1.8825,5,0.5,-0.0518183274403064,0.496496004620745,-0.406990173132599,0.303353518251987,-0.330040801389612
"31",0.01,0.255,1.8825,5,0.5,-0.716570029259019,0.000843622206368146,-0.717173520230375,-0.715966538287663,-2686.02862557075
"32",0.255,0.255,1.8825,5,0.5,0.234857104833245,0.0198270665220019,0.220673675871591,0.249040533794899,37.4580563958792
"33",0.5,0.255,1.8825,5,0.5,0.528987084295433,0.185341322455684,0.396401889315023,0.661572279275842,9.02553201315927
"34",0.745,0.255,1.8825,5,0.5,0.652612564526587,0.37617118573016,0.383515908987343,0.92170922006583,5.48617813334594
"35",0.99,0.255,1.8825,5,0.5,0.533726878596658,0.55952328262746,0.133468034317729,0.933985722875587,3.01648320493818
"36",0.01,0.5,1.8825,5,0.5,-0.650656056153056,0.000977477071306363,-0.651355301126443,-0.649956811179669,-2104.96508943808
"37",0.255,0.5,1.8825,5,0.5,0.0821406839282774,0.0373894224572578,0.0553939023632234,0.108887465493331,6.94719609735299
"38",0.5,0.5,1.8825,5,0.5,0.32536557622527,0.169714326638187,0.203959260622481,0.446771891828058,6.06251878357023
"39",0.745,0.5,1.8825,5,0.5,0.56556306802841,0.365855690189471,0.303845673462708,0.827280462594112,4.88845056507475
"40",0.99,0.5,1.8825,5,0.5,1.04094253606072,0.238717250276232,0.870174502501286,1.21171056962015,13.7893232411766
"41",0.01,0.745,1.8825,5,0.5,-0.634614978598291,0.00121156830135326,-0.635481682349719,-0.633748274846863,-1656.38929921498
"42",0.255,0.745,1.8825,5,0.5,-0.0449162410508485,0.0659178706367684,-0.0920710450377416,0.00223856293604465,-2.15476659488161
"43",0.5,0.745,1.8825,5,0.5,0.179836378031056,0.144896463183758,0.0761836924418302,0.283489063620281,3.92482016632791
"44",0.745,0.745,1.8825,5,0.5,0.500002275993858,0.36446281875177,0.239281281630244,0.760723270357471,4.33829171607657
"45",0.99,0.745,1.8825,5,0.5,0.509808069571548,0.365440929747581,0.248387376752275,0.77122876239082,4.41153285838351
"46",0.01,0.99,1.8825,5,0.5,-0.63049923856384,0.00113662344502282,-0.631312329994726,-0.629686147132955,-1754.15496274897
"47",0.255,0.99,1.8825,5,0.5,-0.115000503913829,0.095516813043601,-0.183329115760878,-0.0466718920667802,-3.80732473003266
"48",0.5,0.99,1.8825,5,0.5,0.0822841352328811,0.111578269863789,0.00246584932956081,0.162102421136201,2.33204263653543
"49",0.745,0.99,1.8825,5,0.5,0.504049708290068,0.366282163294564,0.242027233243427,0.766072183336709,4.35168646434531
"50",0.99,0.99,1.8825,5,0.5,0.279129770325665,0.415792498038003,-0.0183102645966147,0.576569805247944,2.12289986268127
"51",0.01,0.01,3.755,5,0.5,-0.410569951806852,0.000397605881986448,-0.410854381920386,-0.410285521693319,-3265.38475751088
"52",0.255,0.01,3.755,5,0.5,0.430311631681501,0.118340890792974,0.345655658194027,0.514967605168976,11.4986869767403
"53",0.5,0.01,3.755,5,0.5,0.610827176887194,0.303293756699505,0.393863893494416,0.827790460279971,6.36875996629192
"54",0.745,0.01,3.755,5,0.5,0.411623173880718,0.633003158713044,-0.0412000072059028,0.864446354967339,2.05633534249183
"55",0.99,0.01,3.755,5,0.5,0.399460870687608,0.918833993346882,-0.257833371893687,1.0567551132689,1.37479261393624
"56",0.01,0.255,3.755,5,0.5,-0.653491770568537,0.00101252967856194,-0.654216090666597,-0.652767450470478,-2040.94997996283
"57",0.255,0.255,3.755,5,0.5,1.09435206936422,0.10686173124485,1.01790779193424,1.17079634679421,32.3843256233631
"58",0.5,0.255,3.755,5,0.5,1.29388691261078,0.343630862951443,1.0480682016938,1.53970562352775,11.9070494523988
"59",0.745,0.255,3.755,5,0.5,1.01938859370835,0.845031668497499,0.414889353884755,1.62388783353195,3.81475617670763
"60",0.99,0.255,3.755,5,0.5,1.22089285614995,0.852826623534305,0.61081744140904,1.83096827089086,4.52706575747145
"61",0.01,0.5,3.755,5,0.5,-0.625551995056042,0.00113711674630175,-0.626365439373403,-0.62473855073868,-1739.63588670477
"62",0.255,0.5,3.755,5,0.5,0.919908045641717,0.0881780250337413,0.856829286478976,0.982986804804458,32.9901317366637
"63",0.5,0.5,3.755,5,0.5,0.81105829408069,0.483989944070794,0.464832745169292,1.15728384299209,5.29926614361741
"64",0.745,0.5,3.755,5,0.5,0.428230549524217,0.630950427406839,-0.0231241960464079,0.879585295094842,2.14626037377874
"65",0.99,0.5,3.755,5,0.5,0.585094936341022,1.04871774205966,-0.165112542855319,1.33530241553736,1.76428086611278
"66",0.01,0.745,3.755,5,0.5,-0.62135406938407,0.00129602429632039,-0.622281189314749,-0.620426949453391,-1516.0935626335
"67",0.255,0.745,3.755,5,0.5,0.813701537806291,0.0839260208257614,0.753664479217945,0.873738596394637,30.65974258915
"68",0.5,0.745,3.755,5,0.5,0.862560716400946,0.614873594621855,0.422706644189196,1.3024147886127,4.4361255839764
"69",0.745,0.745,3.755,5,0.5,1.0474039054311,0.662695432206114,0.573340151447242,1.52146765941496,4.99804557320038
"70",0.99,0.745,3.755,5,0.5,0.749803456236132,1.10768116112173,-0.0425839119859048,1.54219082445817,2.14058593970434
"71",0.01,0.99,3.755,5,0.5,-0.61933352453572,0.00127851609064408,-0.620248119850557,-0.618418929220883,-1531.85758330661
"72",0.255,0.99,3.755,5,0.5,0.750748350669752,0.128166766037652,0.659063369468791,0.842433331870713,18.5233255946691
"73",0.5,0.99,3.755,5,0.5,0.954801280121697,0.727508912042178,0.43437275573712,1.47522980450627,4.15025398046803
"74",0.745,0.99,3.755,5,0.5,1.21342590744139,0.604650230311714,0.780885189491155,1.64596662539163,6.34613111350885
"75",0.99,0.99,3.755,5,0.5,0.500612681959975,1.12534402162083,-0.304409935499289,1.30563529941924,1.40674875428662
"76",0.01,0.01,5.6275,5,0.5,-0.420062955804161,0.000465925311279508,-0.420396258693252,-0.419729652915071,-2851.00566302336
"77",0.255,0.01,5.6275,5,0.5,0.685560383554832,0.137934449658104,0.586888022420644,0.784232744689019,15.7171199144632
"78",0.5,0.01,5.6275,5,0.5,0.608349194601689,0.348076335594339,0.359350384129316,0.857348005074062,5.52685968836555
"79",0.745,0.01,5.6275,5,0.5,0.340266494329118,0.780422102766537,-0.218013846457071,0.898546835115308,1.37876301773922
"80",0.99,0.01,5.6275,5,0.5,0.350119440795714,0.841149533572804,-0.251602686999595,0.951841568591022,1.31626404322687
"81",0.01,0.255,5.6275,5,0.5,-0.634810298246139,0.00107839174492237,-0.635581733228211,-0.634038863264067,-1861.51872363703
"82",0.255,0.255,5.6275,5,0.5,1.45159816233033,0.143030151363912,1.34928055579012,1.55391576887053,32.0936277876083
"83",0.5,0.255,5.6275,5,0.5,1.00423823702556,0.687187040707083,0.512654241762203,1.49582223228892,4.62127478301276
"84",0.745,0.255,5.6275,5,0.5,1.03874628417726,0.917535411429729,0.38238099113837,1.69511157721615,3.58002985837702
"85",0.99,0.255,5.6275,5,0.5,0.828239893060509,1.1853433844591,-0.0197036829589458,1.67618346907996,2.2095913685642
"86",0.01,0.5,5.6275,5,0.5,-0.618194659686561,0.00120861532548922,-0.619059251006312,-0.61733006836681,-1617.47341832762
"87",0.255,0.5,5.6275,5,0.5,1.41493226086059,0.194079358569693,1.2760962514014,1.55376827031977,23.0545314666435
"88",0.5,0.5,5.6275,5,0.5,1.20981240768507,0.473135305197048,0.871351799653828,1.54827301571632,8.08598028469616
"89",0.745,0.5,5.6275,5,0.5,0.932011146957037,1.01117456747629,0.208660436970974,1.6553618569431,2.91470743415356
"90",0.99,0.5,5.6275,5,0.5,0.836946974798525,1.18646686417045,-0.0118002901911627,1.68569423978821,2.23070597340396
"91",0.01,0.745,5.6275,5,0.5,-0.616114271673849,0.0013010645138757,-0.617044997158964,-0.615183546188735,-1497.48484924958
"92",0.255,0.745,5.6275,5,0.5,1.30167306102065,0.386740785164887,1.02501536953243,1.57833075250887,10.6434381880712
"93",0.5,0.745,5.6275,5,0.5,1.28942766816529,0.389154042376047,1.01104363646518,1.56781169986539,10.4779287002803
"94",0.745,0.745,5.6275,5,0.5,0.915227206388671,1.05017520798351,0.163977118878488,1.66647729389885,2.75592351327594
"95",0.99,0.745,5.6275,5,0.5,0.834234799546538,1.18828971655373,-0.015816455484094,1.68428605457717,2.22006639726886
"96",0.01,0.99,5.6275,5,0.5,-0.614947775058866,0.00149873585898964,-0.61601990610582,-0.613875644011912,-1297.51723732683
"97",0.255,0.99,5.6275,5,0.5,0.724870041103289,0.854419573070851,0.113655098910549,1.33608498329603,2.68280410439074
"98",0.5,0.99,5.6275,5,0.5,1.27143786253339,0.508537095801133,0.907652339109781,1.63522338595699,7.9062856617128
"99",0.745,0.99,5.6275,5,0.5,0.502823524405768,0.940590797988162,-0.170034598627522,1.17568164743906,1.69049878186827
"100",0.99,0.99,5.6275,5,0.5,0.0919196382748382,0.880852405942208,-0.538204213456796,0.722043490006472,0.329993329968097
"101",0.01,0.01,7.5,5,0.5,-0.419358313755183,0.000510323260318779,-0.41972337702373,-0.418993250486637,-2598.60274909969
"102",0.255,0.01,7.5,5,0.5,0.762436778899825,0.129156973182919,0.670043446179155,0.854830111620494,18.6674922289408
"103",0.5,0.01,7.5,5,0.5,0.591865475683897,0.410541456920669,0.298181809288439,0.885549142079356,4.55896217063844
"104",0.745,0.01,7.5,5,0.5,0.34772372255057,0.838056300893473,-0.251785639885805,0.947233084986945,1.31208244429395
"105",0.99,0.01,7.5,5,0.5,0.350119440795714,0.841149533572804,-0.251602686999595,0.951841568591022,1.31626404322687
"106",0.01,0.255,7.5,5,0.5,-0.626247068635919,0.00107379924090072,-0.627015218338523,-0.625478918933315,-1844.26198069588
"107",0.255,0.255,7.5,5,0.5,1.53912842488188,0.0747774737092899,1.4856358426529,1.59262100711086,65.0884710689211
"108",0.5,0.255,7.5,5,0.5,1.121002003606,0.674069026267088,0.638802070564918,1.60320193664708,5.2589860309093
"109",0.745,0.255,7.5,5,0.5,0.827306626219755,1.1825413939368,-0.0186325265291078,1.67324577896862,2.21233123476085
"110",0.99,0.255,7.5,5,0.5,0.828239893060509,1.1853433844591,-0.0197036829589458,1.67618346907996,2.2095913685642
"111",0.01,0.5,7.5,5,0.5,-0.614450238219419,0.00126472695536128,-0.615354969381104,-0.613545507057734,-1536.34921227037
"112",0.255,0.5,7.5,5,0.5,1.51042678403947,0.107120866281789,1.43379713257124,1.58705643550771,44.5887812737004
"113",0.5,0.5,7.5,5,0.5,1.20006366899973,0.595995166198572,0.773714410934448,1.62641292706501,6.36739145967027
"114",0.745,0.5,7.5,5,0.5,0.83780821476385,1.18489225075096,-0.00981263964197762,1.68542906916968,2.2359688818744
"115",0.99,0.5,7.5,5,0.5,0.837616437492519,1.18690385744406,-0.0114434336533111,1.68667630863835,2.23166832887074
"116",0.01,0.745,7.5,5,0.5,-0.612977617758531,0.00144850475716779,-0.614013815639903,-0.61194141987716,-1338.2112949433
"117",0.255,0.745,7.5,5,0.5,1.46493557474856,0.155863404621765,1.35343761186428,1.57643353763283,29.7217493282345
"118",0.5,0.745,7.5,5,0.5,1.27443717716501,0.540732397370711,0.887620522423799,1.66125383190622,7.45308443554201
"119",0.745,0.745,7.5,5,0.5,0.837490942943915,1.18462097592945,-0.00993585314492716,1.68491773903276,2.2356339734631
"120",0.99,0.745,7.5,5,0.5,0.716769572037346,1.09649206527059,-0.0676135991960082,1.5011527432707,2.06715987915772
"121",0.01,0.99,7.5,5,0.5,-0.612146734454999,0.0014796425055995,-0.613205206939748,-0.611088261970251,-1308.27408362924
"122",0.255,0.99,7.5,5,0.5,0.992841566397657,0.680511318017287,0.506033095462792,1.47965003733252,4.61364950498316
"123",0.5,0.99,7.5,5,0.5,1.4355184654509,0.38328047785534,1.16133612869335,1.70970080220845,11.8438277875658
"124",0.745,0.99,7.5,5,0.5,0.841054763467395,1.18404882135036,-0.00596273789200971,1.6880722648268,2.24623228496434
"125",0.99,0.99,7.5,5,0.5,0.338572626777743,0.974372331198818,-0.358451349332067,1.03559660288755,1.098820871367
