"","lambda","mu","phi","a0","m","s","l_conf","u_conf","t_stat"
"1",0.01,0.01,5,0.5,-0.2192012274795,0.00011833772984343,-0.219285881191781,-0.21911657376722,-5857.60049357917
"2",0.255,0.01,5,0.5,-0.433254556144889,0.00854036220729129,-0.439363963229365,-0.427145149060412,-160.423079350599
"3",0.5,0.01,5,0.5,-0.0993092166600534,0.0032553594213253,-0.101637960503515,-0.0969804728165916,-96.4696295087
"4",0.745,0.01,5,0.5,-0.0339511435311159,0.00126093809384926,-0.0348531643045524,-0.0330491227576793,-85.1452924210352
"5",0.99,0.01,5,0.5,-0.0206707719169123,0.0016342867942671,-0.021839870261528,-0.0195016735722967,-39.9970926036893
"6",0.01,0.255,5,0.5,-0.701325203941917,0.000674134793680583,-0.701807450922132,-0.700842956961703,-3289.82429883212
"7",0.255,0.255,5,0.5,-0.595270267241604,0.0307179035500175,-0.61724453168305,-0.573296002800159,-61.2805449042279
"8",0.5,0.255,5,0.5,-0.450314511343262,0.0305614559656696,-0.472176859924822,-0.428452162761702,-46.5952774262481
"9",0.745,0.255,5,0.5,-0.377463296489684,0.0385140624313732,-0.405014597026952,-0.349911995952415,-30.9924135411513
"10",0.99,0.255,5,0.5,-0.326384211583488,0.0519636080882601,-0.363556737488577,-0.289211685678398,-19.8623140096254
"11",0.01,0.5,5,0.5,-0.710929065082428,0.000914094652759036,-0.71158296900499,-0.710275161159866,-2459.43359770117
"12",0.255,0.5,5,0.5,-0.61950934769471,0.0342704001678991,-0.644024915125195,-0.594993780264226,-57.1647999697275
"13",0.5,0.5,5,0.5,-0.650620091699482,0.0486943282954146,-0.68545391572721,-0.615786267671754,-42.2521770657984
"14",0.745,0.5,5,0.5,-0.568632609398224,0.0720734460464331,-0.620190846764644,-0.517074372031804,-24.9491913621667
"15",0.99,0.5,5,0.5,-0.497580608225889,0.103416234775881,-0.571560125962299,-0.423601090489479,-15.215096981008
"16",0.01,0.745,5,0.5,-0.688398697844138,0.000875359334134844,-0.689024892189017,-0.687772503499258,-2486.87337712924
"17",0.255,0.745,5,0.5,-0.673649110516717,0.0375921129520435,-0.700540888126991,-0.646757332906444,-56.6678849815361
"18",0.5,0.745,5,0.5,-0.738076476490335,0.062601099350501,-0.782858605232071,-0.693294347748598,-37.2837342685181
"19",0.745,0.745,5,0.5,-0.70052004986547,0.109083985523047,-0.778554032240185,-0.622486067490754,-20.307645467552
"20",0.99,0.745,5,0.5,-0.591771283168527,0.180559227552551,-0.720935573534974,-0.462606992802081,-10.3641621314998
"21",0.01,0.99,5,0.5,-0.652641211201102,0.00092299642598643,-0.653301483068618,-0.651980939333587,-2236.01377446376
"22",0.255,0.99,5,0.5,-0.707901336181135,0.0393980393245496,-0.736084995693656,-0.679717676668615,-56.819593547998
"23",0.5,0.99,5,0.5,-0.741481028234674,0.0748347191205321,-0.795014561363922,-0.687947495105427,-31.3326343518254
"24",0.745,0.99,5,0.5,-0.783115009975946,0.162579474354326,-0.899417359724393,-0.666812660227498,-15.2321017842163
"25",0.99,0.99,5,0.5,-0.565150754101937,0.288827719651056,-0.771765657990079,-0.358535850213795,-6.18764572348876
