"","lambda","mu","p","phi","m","s","l_conf","u_conf","t_stat"
"1",0.01,0.01,1,5,-0.181184701599886,9.7748677684852e-05,-0.181254626791518,-0.181114776408255,-5861.52516641548
"2",0.255,0.01,1,5,-0.394351839184477,0.00867150390811955,-0.400555059390302,-0.388148618978652,-143.810119272588
"3",0.5,0.01,1,5,-0.0817156320611593,0.00553794563458252,-0.085677239715748,-0.0777540244065706,-46.6612593919086
"4",0.745,0.01,1,5,-0.00764490945003296,0.00234083987342132,-0.00931944541925639,-0.00597037348080952,-10.3276292592006
"5",0.99,0.01,1,5,0.00464260355447618,0.00112767890447045,0.00383591066244581,0.00544929644650655,13.0189555263805
"6",0.01,0.255,1,5,-0.183045344292494,0.000132718395283791,-0.18314028531311,-0.182950403271878,-4361.41653021237
"7",0.255,0.255,1,5,0.0137664045970639,0.0130038253100919,0.00446402835745347,0.0230687808366743,3.34772212637687
"8",0.5,0.255,1,5,0.238846457614711,0.0182259189942183,0.225808420594535,0.251884494634887,41.4409181432746
"9",0.745,0.255,1,5,0.190449278463644,0.0171587411127791,0.178174654510855,0.202723902416433,35.0989326502651
"10",0.99,0.255,1,5,0.136673434325751,0.0144317171890462,0.126349605769552,0.146997262881951,29.947880937887
"11",0.01,0.5,1,5,-0.185004482774118,0.000171818775999538,-0.185127394522105,-0.184881571026132,-3404.95699322856
"12",0.255,0.5,1,5,0.220391098485288,0.0183199529332097,0.207285793637458,0.233496403333117,38.0425566474361
"13",0.5,0.5,1,5,0.36386889144661,0.0271113636586953,0.34447459022308,0.383263192670139,42.4417775932419
"14",0.745,0.5,1,5,0.284901294958775,0.0254491422884539,0.266696075271699,0.30310651464585,35.4014681591027
"15",0.99,0.5,1,5,0.210794547258969,0.0218873821660034,0.195137257272899,0.226451837245039,30.455487212981
"16",0.01,0.745,1,5,-0.187060819028746,0.000213039465175697,-0.187213218281404,-0.186908419776088,-2776.6604118141
"17",0.255,0.745,1,5,0.299247656871883,0.0234580478830058,0.282466780318184,0.316028533425582,40.3402783088886
"18",0.5,0.745,1,5,0.421127369612919,0.0336374046484406,0.397064619898728,0.445190119327111,39.5905001271894
"19",0.745,0.745,1,5,0.341386687265791,0.0310063777706194,0.319206060798443,0.363567313733139,34.8173366978214
"20",0.99,0.745,1,5,0.260431615859039,0.027277741067082,0.240918295407423,0.279944936310656,30.1915425770515
"21",0.01,0.99,1,5,-0.189212908178288,0.00025557288581645,-0.189395734007136,-0.189030082349441,-2341.18635330281
"22",0.255,0.99,1,5,0.314174846953728,0.0285519576701573,0.293750006855399,0.334599687052057,34.7964966670925
"23",0.5,0.99,1,5,0.448196776618512,0.0385635606906436,0.420610067159641,0.475783486077383,36.7528990756311
"24",0.745,0.99,1,5,0.3781445477895,0.0350933400464971,0.353040284633661,0.403248810945339,34.0747861048516
"25",0.99,0.99,1,5,0.296356958356845,0.03172586191237,0.273661643939959,0.31905227277373,29.5394020006718
"26",0.01,0.01,3.25,5,-0.445180961683243,0.000656542672719168,-0.445650624018237,-0.444711299348248,-2144.24114129953
"27",0.255,0.01,3.25,5,-0.0147982284409105,0.002847335748356,-0.0168350897321141,-0.0127613671497069,-16.4350506384008
"28",0.5,0.01,3.25,5,0.00400241724293686,0.000659834110352114,0.00353040035530146,0.00447443413057225,19.1817222472142
"29",0.745,0.01,3.25,5,0.000211474540140477,6.42671053524856e-05,0.000165500622499832,0.000257448457781122,10.4056532546902
"30",0.99,0.01,3.25,5,-0.00114373976525241,0.000703876238352263,-0.00164726249330636,-0.000640217037198465,-5.13843558232725
"31",0.01,0.255,3.25,5,-0.432164266587262,0.00102036943671087,-0.432894194910454,-0.431434338264069,-1339.34176836697
"32",0.255,0.255,3.25,5,0.179208048365725,0.0228416670344694,0.162868104108735,0.195547992622715,24.8101684966388
"33",0.5,0.255,3.25,5,0.0713760362250543,0.0156831872764252,0.0601569598992322,0.0825951125508763,14.3918988434924
"34",0.745,0.255,3.25,5,-0.00178261362687857,0.00650350400224635,-0.00643494012789335,0.00286971287413622,-0.866781852835444
"35",0.99,0.255,3.25,5,-0.034148916365075,0.0216940891411965,-0.0496679328509732,-0.0186298998791769,-4.97777780101253
"36",0.01,0.5,3.25,5,-0.411856002376302,0.00125426631906181,-0.412753250449569,-0.410958754303034,-1038.37838561672
"37",0.255,0.5,3.25,5,0.263019389580037,0.0384017029797958,0.235548466152406,0.290490313007668,21.6589441436406
"38",0.5,0.5,3.25,5,0.106641935769717,0.0310921412761253,0.0843999577864248,0.128883913753008,10.8461944813249
"39",0.745,0.5,3.25,5,-0.0136281877974457,0.0212631040240611,-0.0288388961034305,0.00158252050853898,-2.02680256709815
"40",0.99,0.5,3.25,5,-0.078091049111918,0.0510278133826481,-0.114594147811778,-0.0415879504120583,-4.83943096314809
"41",0.01,0.745,3.25,5,-0.391447137705464,0.00145328637080204,-0.39248675614717,-0.390407519263757,-851.769178857493
"42",0.255,0.745,3.25,5,0.320519433374654,0.0504124629576809,0.284456529850887,0.356582336898422,20.1055727957856
"43",0.5,0.745,3.25,5,0.128479387589149,0.0469655616462139,0.0948822487227388,0.162076526455559,8.65075350798094
"44",0.745,0.745,3.25,5,-0.0317933841787106,0.0415488991710005,-0.0615156761361646,-0.00207109222125653,-2.41978754035582
"45",0.99,0.745,3.25,5,-0.130154674297054,0.0877507513128527,-0.192927780252817,-0.06738156834129,-4.6903896859944
"46",0.01,0.99,3.25,5,-0.3725778547467,0.00163688672900422,-0.373748812972585,-0.371406896520815,-719.777737739793
"47",0.255,0.99,3.25,5,0.368758382119419,0.0598599964794931,0.325937120246433,0.411579643992404,19.4807294079204
"48",0.5,0.99,3.25,5,0.143919307323019,0.0630584192121396,0.0988100316600213,0.189028582986016,7.21732032138975
"49",0.745,0.99,3.25,5,-0.0531454105359899,0.0649803771505484,-0.0996295720832131,-0.00666124898876676,-2.58632762455457
"50",0.99,0.99,3.25,5,-0.187391439443411,0.126654146364926,-0.27799435771538,-0.0967885211714418,-4.67875533226756
"51",0.01,0.01,5.5,5,-0.50636584607267,0.000887593134678046,-0.507000791951254,-0.505730900194086,-1804.05789583838
"52",0.255,0.01,5.5,5,-0.000518292819768629,0.00183738315744654,-0.0018326775503622,0.000796091910824942,-0.892021785841201
"53",0.5,0.01,5.5,5,0.00226588163237458,0.000476236745755708,0.00192520238742124,0.00260656087732792,15.0457664816976
"54",0.745,0.01,5.5,5,-0.000958341595132839,0.000374479594265917,-0.00122622815903606,-0.000690455031229623,-8.09267651296035
"55",0.99,0.01,5.5,5,0.000907440003953158,0.00320255240728901,-0.00138352797733401,0.00319840798524033,0.896028194858894
"56",0.01,0.255,5.5,5,-0.478181784045844,0.00132833988845977,-0.479132021158531,-0.477231546933159,-1138.37097442055
"57",0.255,0.255,5.5,5,0.137904609553414,0.0260141685984431,0.119295194393433,0.156514024713396,16.7636595563198
"58",0.5,0.255,5.5,5,0.0333066920279902,0.0171885168443514,0.0210107677999903,0.0456026162559901,6.12763795084705
"59",0.745,0.255,5.5,5,-0.0346597205841841,0.0190464045665755,-0.0482846976247951,-0.0210347435435731,-5.75455906798216
"60",0.99,0.255,5.5,5,-0.0486430384521573,0.0500324785000391,-0.0844341174699891,-0.0128519594343255,-3.07445880019412
"61",0.01,0.5,5.5,5,-0.447043373773849,0.00165326709517735,-0.448226049807798,-0.4458606977399,-855.079786040077
"62",0.255,0.5,5.5,5,0.199417080743113,0.0470516225264154,0.165758377631717,0.233075783854509,13.4025596914518
"63",0.5,0.5,5.5,5,0.039780128259122,0.0434934321014203,0.00866680124100483,0.0708934552772393,2.89229441859445
"64",0.745,0.5,5.5,5,-0.0835595458250431,0.0547905689225822,-0.122754357685874,-0.0443647339642122,-4.82270015173072
"65",0.99,0.5,5.5,5,-0.1476494298593,0.100071713470752,-0.21923642118292,-0.07606243853568,-4.66573897245325
"66",0.01,0.745,5.5,5,-0.421958660743773,0.00196549765038498,-0.423364693061645,-0.420552628425901,-678.886818370526
"67",0.255,0.745,5.5,5,0.246936796453505,0.0639836429260034,0.201165655617227,0.292707937289782,12.2044116150365
"68",0.5,0.745,5.5,5,0.037547670423912,0.0737863071657272,-0.0152358739731637,0.0903312148209877,1.60918961706832
"69",0.745,0.745,5.5,5,-0.138365762090868,0.0973945919264298,-0.208037656029634,-0.0686938681521014,-4.49255908092558
"70",0.99,0.745,5.5,5,-0.238342319496621,0.174522334393295,-0.363188076650986,-0.113496562342256,-4.31867127515249
"71",0.01,0.99,5.5,5,-0.402220910363336,0.00228631923583068,-0.403856444617941,-0.400585376108731,-556.323972331204
"72",0.255,0.99,5.5,5,0.289701709089391,0.0775915976078532,0.234196023895316,0.345207394283465,11.8069130035964
"73",0.5,0.99,5.5,5,0.0336882394247706,0.104594007370703,-0.0411338060710082,0.108510284920549,1.0185245753687
"74",0.745,0.99,5.5,5,-0.195175777577147,0.137495861795077,-0.293534391854644,-0.0968171632996507,-4.48886237869526
"75",0.99,0.99,5.5,5,-0.328971025166548,0.24271239653449,-0.502597014192185,-0.15534503614091,-4.2861334591084
"76",0.01,0.01,7.75,5,-0.532278482077295,0.00100272045790008,-0.532995785081611,-0.531561179072978,-1678.64566799243
"77",0.255,0.01,7.75,5,0.00243898689122927,0.0015372843373033,0.00133927992409881,0.00353869385835972,5.01712895423595
"78",0.5,0.01,7.75,5,0.00154468816507993,0.000369898682772827,0.00128007858784893,0.00180929774231092,13.2055968400371
"79",0.745,0.01,7.75,5,-0.00118503929676698,0.00057788104766817,-0.00159843049504597,-0.000771648098487988,-6.48476586956645
"80",0.99,0.01,7.75,5,0.00407563568152985,0.00621612338681418,-0.00037111111159343,0.00852238247465314,2.07336483925432
"81",0.01,0.255,7.75,5,-0.495824975564351,0.00148200221826264,-0.496885136085849,-0.494764815042852,-1057.98508548711
"82",0.255,0.255,7.75,5,0.115725720709853,0.0293052762221622,0.0947619889829511,0.136689452436754,12.4877465250062
"83",0.5,0.255,7.75,5,0.0152111133030786,0.0215192453354504,-0.000182827458912874,0.03060505406507,2.23529045906519
"84",0.745,0.255,7.75,5,-0.0520883579513071,0.0292346904006634,-0.073001595623336,-0.0311751202792783,-5.63432854758519
"85",0.99,0.255,7.75,5,-0.0984452816540966,0.0547092725064315,-0.137581937562203,-0.0593086257459898,-5.69028430943103
"86",0.01,0.5,7.75,5,-0.463790098776417,0.00188634064008928,-0.465139505580318,-0.462440691972516,-777.501707379072
"87",0.255,0.5,7.75,5,0.167974438878265,0.0548183925810168,0.128759723171224,0.207189154585307,9.68984661049694
"88",0.5,0.5,7.75,5,0.00582744883294429,0.0591888429512309,-0.0365136987286319,0.0481685963945204,0.311342650765752
"89",0.745,0.5,7.75,5,-0.124120788047009,0.0802970487596762,-0.181561836406307,-0.0666797396877117,-4.88815468646041
"90",0.99,0.5,7.75,5,-0.198347537342853,0.146054526134989,-0.30282865126179,-0.0938664234239155,-4.29449194685694
"91",0.01,0.745,7.75,5,-0.441344933549108,0.0023096081603022,-0.442997127696666,-0.439692739401549,-604.282253491964
"92",0.255,0.745,7.75,5,0.212302706881037,0.0754603110131567,0.158321652271081,0.266283761490993,8.8968637704942
"93",0.5,0.745,7.75,5,-0.00792159752118058,0.100061982723401,-0.0795016278874828,0.0636584328451216,-0.250347736395755
"94",0.745,0.745,7.75,5,-0.197652528495679,0.136268734399381,-0.295133308716159,-0.1001717482752,-4.58676143205245
"95",0.99,0.745,7.75,5,-0.291245554849204,0.250118972958698,-0.470169889469499,-0.11232122022891,-3.68224489661193
"96",0.01,0.99,7.75,5,-0.425427281364116,0.00277262135715406,-0.427410695199598,-0.423443867528634,-485.215618935003
"97",0.255,0.99,7.75,5,0.253879110304384,0.0920788670663547,0.188009856854512,0.319748363754256,8.71900648300147
"98",0.5,0.99,7.75,5,-0.0195358774629636,0.13796510887611,-0.118230170880483,0.0791584159545562,-0.447778930311954
"99",0.745,0.99,7.75,5,-0.269298487511414,0.188426510964512,-0.404090693397835,-0.134506281624993,-4.51951578689937
"100",0.99,0.99,7.75,5,-0.384711667146588,0.308662932593494,-0.605515827594502,-0.163907506698675,-3.94140333081717
"101",0.01,0.01,10,5,-0.546450344858811,0.00107079291376895,-0.54721634396454,-0.545684345753082,-1613.7832962081
"102",0.255,0.01,10,5,0.00348625882844659,0.00140448235275969,0.00248155267808602,0.00449096497880716,7.84952433834374
"103",0.5,0.01,10,5,0.00115691116414708,0.000301120403225775,0.000941502604170855,0.00137231972412331,12.149539818591
"104",0.745,0.01,10,5,-0.00120267698029742,0.000730486035624188,-0.00172523521059632,-0.000680118749998527,-5.20639459444771
"105",0.99,0.01,10,5,0.0074159484609607,0.00833499120806105,0.00145345493906946,0.0133784419828519,2.81359482711578
"106",0.01,0.255,10,5,-0.505892557830112,0.00157917799808485,-0.507022233716799,-0.504762881943425,-1013.04142788953
"107",0.255,0.255,10,5,0.101700471480533,0.0323890305685995,0.0785307547855904,0.124870188175476,9.92944596814424
"108",0.5,0.255,10,5,0.00366705692191752,0.0268320353969475,-0.0155274249005382,0.0228615387443732,0.432179371083598
"109",0.745,0.255,10,5,-0.0663267502693661,0.0370917903746768,-0.0928606186687074,-0.0397928818700248,-5.65471762160014
"110",0.99,0.255,10,5,-0.13636582810084,0.0745085004071604,-0.18966599842062,-0.0830656577810595,-5.78761630494721
"111",0.01,0.5,10,5,-0.4760379681569,0.00205553199908429,-0.477508407167889,-0.474567529145912,-732.347748789671
"112",0.255,0.5,10,5,0.150030628425864,0.0614238381463698,0.106090661616634,0.193970595235094,7.72401267862115
"113",0.5,0.5,10,5,-0.015481096640922,0.0734601832017086,-0.0680313460081345,0.0370691527262904,-0.666422596960755
"114",0.745,0.5,10,5,-0.151704430605698,0.098903366070658,-0.222455636548088,-0.0809532246633086,-4.85050763095603
"115",0.99,0.5,10,5,-0.234289933815529,0.197629834880943,-0.375665801023454,-0.0929140666076045,-3.74887639891773
"116",0.01,0.745,10,5,-0.457234540696961,0.00257819526812169,-0.459078870486952,-0.455390210906969,-560.819652173492
"117",0.255,0.745,10,5,0.19408542514561,0.084885344280589,0.133362107898793,0.254808742392427,7.23036478562759
"118",0.5,0.745,10,5,-0.0348110347892176,0.119941977406348,-0.120612356642626,0.0509902870641913,-0.917795087439174
"119",0.745,0.745,10,5,-0.230325245232554,0.169168372094444,-0.351341008482129,-0.109309481982978,-4.30548789087525
"120",0.99,0.745,10,5,-0.325658792606004,0.29107567208664,-0.533881784793234,-0.117435800418774,-3.53799243101582
"121",0.01,0.99,10,5,-0.444766556170614,0.00314674891880362,-0.447017604741036,-0.442515507600192,-446.961413465136
"122",0.255,0.99,10,5,0.236446757438696,0.103625915613123,0.162317243067316,0.310576271810077,7.2154759207064
"123",0.5,0.99,10,5,-0.0505277549645426,0.159703959144646,-0.164773085049522,0.0637175751204368,-1.00049361079469
"124",0.745,0.99,10,5,-0.30449801283643,0.231304773133321,-0.469963479681329,-0.139032545991531,-4.16293728190079
"125",0.99,0.99,10,5,-0.411620634857988,0.319638836204822,-0.640276483753534,-0.182964785962443,-4.07227968143912
