"","lambda","mu","p","phi","m1","s1","m2","s2","m_dif","s_pool","d","l_conf","u_conf","t_stat"
"1",0.01,0.01,1,5,0.0663547371511854,7.76017169207762e-08,0.0663236655611853,7.71664183283477e-08,3.1071590000098e-05,7.7384067624562e-08,401.524382911034,3.1071590000098e-05,3.1071590000098e-05,NA
"2",0.0883333333333333,0.01,1,5,0.547212208148289,5.7176341881783e-06,0.545446618378203,7.6854794133898e-06,0.00176558977008534,6.70155680078405e-06,263.459644164886,0.00175918784619267,0.00177199169397801,582.865015885942
"3",0.166666666666667,0.01,1,5,0.935574436749667,1.76608458351678e-05,0.931382720515993,2.92788084155235e-05,0.00419171623367398,2.34698271253456e-05,178.600217687468,0.0041686399948286,0.00421479247251936,387.664467634162
"4",0.245,0.01,1,5,1.226112389965,3.24131325111484e-05,1.22037729295081,5.99465612902792e-05,0.00573509701419161,4.61798469007138e-05,124.190472664884,0.0056888283574652,0.00578136567091803,266.124738477729
"5",0.323333333333333,0.01,1,5,1.43422277366159,4.77483564439591e-05,1.42804616402895,9.14331079228778e-05,0.0061766096326461,6.95907321834184e-05,88.7562098982746,0.00610644005180139,0.00624677921349081,189.356840356949
"6",0.01,0.255,1,5,0.0669043235907824,2.11729384129051e-06,0.0661158000398535,1.9737049591422e-06,0.000788523550928913,2.04549940021635e-06,385.49194922546,0.000786599818436771,0.000790447283421055,861.455743776283
"7",0.0883333333333333,0.255,1,5,0.587072167982577,0.000196614499970484,0.542591423695922,0.000174126146206535,0.044480744286655,0.00018537032308851,239.956124289736,0.0443060745539347,0.0446554140193754,535.573819743647
"8",0.166666666666667,0.255,1,5,1.04026015205265,0.00055903739635344,0.934965451659704,0.000564414729481284,0.105294700392949,0.000561726062917362,187.44848662726,0.104766915035674,0.105822485750224,419.142757129054
"9",0.245,0.255,1,5,1.37401467348998,0.000762759010636183,1.23389613174977,0.000922202302332431,0.140118541740203,0.000842480656484307,166.316627760833,0.139321433820837,0.140915649659568,370.241349819998
"10",0.323333333333333,0.255,1,5,1.5930045399496,0.000744302509905023,1.44965233642717,0.00107359639630545,0.143352203522426,0.000908949453105239,157.711964106136,0.142476574282421,0.14422783276243,347.007675847496
"11",0.01,0.5,1,5,0.0674745417856426,4.4035289135932e-06,0.0659360731315612,3.97154449172942e-06,0.00153846865408136,4.18753670266131e-06,367.392279356886,0.00153452598665494,0.00154241132150777,820.423478533213
"12",0.0883333333333333,0.5,1,5,0.633919769796767,0.000527530857936478,0.548238752482956,0.000390956075881696,0.0856810173138105,0.000459243466909087,186.569920940807,0.0852421237981549,0.0861199108294661,412.646097858031
"13",0.166666666666667,0.5,1,5,1.16110653023527,0.00155988671386605,0.961321131570789,0.00137211606242083,0.199785398664485,0.00146600138814344,136.279133348908,0.198403567806283,0.201167229522687,304.106420995319
"14",0.245,0.5,1,5,1.52891984301051,0.0019353029833062,1.27512589619037,0.00228278835583205,0.253793946820145,0.00210904566956912,120.335918032536,0.251801833738691,0.255786059901599,268.170870646599
"15",0.323333333333333,0.5,1,5,1.73797105453393,0.00161171395487399,1.49558284287416,0.00258229460890399,0.242388211659776,0.00209700428188899,115.587847746993,0.240337534062256,0.244438889257296,251.807380925451
"16",0.01,0.745,1,5,0.0680661170032384,6.96072985831107e-06,0.0657855206443263,6.08286455805566e-06,0.00228059635891209,6.52179720818336e-06,349.688327636202,0.00227444695718932,0.00228674576063486,780.161951631207
"17",0.0883333333333333,0.745,1,5,0.689475444989901,0.00107981725744449,0.564625838154454,0.000694847775637299,0.124849606835447,0.000887332516540893,140.702165769999,0.123985893033105,0.125713320637789,307.46856540607
"18",0.166666666666667,0.745,1,5,1.30167357069827,0.00326471421901077,1.01995169507535,0.00269468746973922,0.281721875622918,0.002979700844375,94.5470335234308,0.278902225255999,0.284541525989836,210.453043111143
"19",0.245,0.745,1,5,1.68713574111518,0.00347903166600117,1.35810949853281,0.00449497603123981,0.329026242582371,0.00398700384862049,82.5246864750869,0.325232837509466,0.332819647655275,183.051097113893
"20",0.323333333333333,0.745,1,5,1.86065701305642,0.00228518473129724,1.5794394996965,0.00484566868682253,0.281217513359922,0.00356542670905989,78.8734522701972,0.277552060399865,0.284882966319978,165.990005358396
"21",0.01,0.99,1,5,0.0686798172202132,9.81446409247384e-06,0.0656651800111663,8.3208203752028e-06,0.00301463720904689,9.06764223383832e-06,332.46097842248,0.00300607232774351,0.00302320209035027,740.896707696027
"22",0.0883333333333333,0.99,1,5,0.756465355278083,0.00198632671023078,0.594861732431647,0.00115897182979575,0.161603622846436,0.00157264927001327,102.758845171545,0.160048807072871,0.163158438620001,222.216465832152
"23",0.166666666666667,0.99,1,5,1.46805889663279,0.00605375954003998,1.12637641264929,0.00508932674045648,0.341682483983502,0.00557154314024823,61.3263642374452,0.336416969740761,0.346947998226244,136.619174883972
"24",0.245,0.99,1,5,1.82991672097892,0.00170991107033787,1.50540494077212,0.00826534686190136,0.324511780206799,0.00498762896611961,65.0633361886319,0.318545584188152,0.330477976225446,121.581993360431
"25",0.323333333333333,0.99,1,5,1.92346246166913,0.000526288541848634,1.69965488008914,0.00544017886742441,0.223807581579992,0.00298323370463652,75.0218064485367,0.219908666163167,0.227706496996817,129.49077268519
"26",0.01,0.01,3.25,5,0.738245377021272,1.08160395911032e-05,0.735354970853543,1.62261318616711e-05,0.00289040616772918,1.35210857263872e-05,213.770271575779,0.0028773117151779,0.00290350062028045,468.716800190007
"27",0.0883333333333333,0.01,3.25,5,1.92954812292681,8.5288639256797e-05,1.92841259099109,0.000121973660467401,0.00113553193572247,0.000103631149862099,10.9574383497,0.00103580903789258,0.00123525483355236,24.1265691683758
"28",0.166666666666667,0.01,3.25,5,1.96817759169196,7.12874756012457e-05,1.96803320024805,6.75815876746844e-05,0.000144391443906988,6.9434531637965e-05,2.07953363406917,7.91169382341117e-05,0.000209665949579865,4.64832370209469
"29",0.245,0.01,3.25,5,1.97264143084525,5.04252322815495e-05,1.97261243723061,4.1871547402831e-05,2.89936146349312e-05,4.61483898421902e-05,0.628269257802455,-1.46570659084448e-05,7.26442951783073e-05,1.3988583425512
"30",0.323333333333333,0.01,3.25,5,1.97318979304957,6.01831016033841e-05,1.9731619118602,5.44513913413326e-05,2.78811893721365e-05,5.73172464723583e-05,0.486436301255022,-2.6077611049397e-05,8.18399897936699e-05,1.0863475563418
"31",0.01,0.255,3.25,5,0.784525478880484,0.000290794290204,0.729678590013018,0.000351380014270786,0.0548468888674661,0.000321087152237393,170.816205149546,0.0545431067610559,0.0551506709738764,380.268028508152
"32",0.0883333333333333,0.255,3.25,5,1.94797764047723,6.6174456230924e-05,1.93818682334249,0.000143343416880464,0.00979081713474139,0.000104758936555694,93.4604479259504,0.00968267111995913,0.00989896314952365,196.105246662786
"33",0.166666666666667,0.255,3.25,5,1.97097320406716,4.51999509587622e-05,1.97001496536173,5.62806857318291e-05,0.000958238705434988,5.07403183452956e-05,18.8851535954904,0.000910121132601602,0.00100635627826838,41.9789795326796
"34",0.245,0.255,3.25,5,1.97304732797842,4.46491916002044e-05,1.97292996900391,2.96565082997988e-05,0.000117358974512261,3.71528499500016e-05,3.15881485996892,8.13604414092526e-05,0.000153357507615268,6.92379258275967
"35",0.323333333333333,0.255,3.25,5,1.97322933696336,6.63891203329337e-05,1.97319703184584,4.42905745687107e-05,3.23051175186162e-05,5.53398474508222e-05,0.583758702033362,-2.12823588119253e-05,8.58925938491577e-05,1.2800587269218
"36",0.01,0.5,3.25,5,0.811624744490516,0.000659397536372936,0.727039761740796,0.000795700616909991,0.0845849827497202,0.000727549076641463,116.260174695272,0.0838967122669417,0.0852732532324986,258.832559263491
"37",0.0883333333333333,0.5,3.25,5,1.95192798184725,8.23105710850061e-05,1.94366951569351,0.000152000909892783,0.0082584661537437,0.000117155740488894,70.4913486891968,0.00814111696705098,0.00837581534043643,151.082490396671
"38",0.166666666666667,0.5,3.25,5,1.97155379135198,4.07780646586598e-05,1.97093695924879,5.09340334538106e-05,0.000616832103191189,4.58560490562352e-05,13.4514882089982,0.000573334969842859,0.00066032923653952,29.8956981599037
"39",0.245,0.5,3.25,5,1.97312128111437,4.47456023160663e-05,1.97305041233044,2.38844620876998e-05,7.08687839254818e-05,3.43150322018831e-05,2.06524019877192,3.64072871695023e-05,0.000105330280681461,4.41840753407481
"40",0.323333333333333,0.5,3.25,5,1.97323517039272,6.83224003752711e-05,1.9732062615337,3.2387703698789e-05,2.89088590230691e-05,5.03550520370301e-05,0.574100469637288,-2.28068773519318e-05,8.06245953980699e-05,1.20906634188445
"41",0.01,0.745,3.25,5,0.829295826000991,0.00110069911341957,0.726660913216712,0.00127913055079382,0.102634912784279,0.0011899148321067,86.2539990383746,0.101511987784253,0.103757837784304,192.329972822916
"42",0.0883333333333333,0.745,3.25,5,1.95327252387986,0.000102491536137727,1.94685736125998,0.000149734690267965,0.00641516261988229,0.000126113113202846,50.8683233405225,0.00629346923394538,0.00653685600581919,111.80077855592
"43",0.166666666666667,0.745,3.25,5,1.97174845765997,3.99831872599071e-05,1.9714134268972,4.83409909593797e-05,0.000335030762771416,4.41620891096434e-05,7.58638845050147,0.000293247077318528,0.000376814448224303,16.8882387384448
"44",0.245,0.745,3.25,5,1.97314316263027,4.36077814438989e-05,1.9731038591037,2.43885868004807e-05,3.9303526573331e-05,3.39981841221898e-05,1.15604781808563,5.44448160573964e-06,7.31625715409224e-05,2.4875441628768
"45",0.323333333333333,0.745,3.25,5,1.97323721867542,6.90457067906945e-05,1.97320750809368,2.52435010626704e-05,2.97105817372856e-05,4.71446039266825e-05,0.630201110258352,-2.12580678087194e-05,8.06792312832906e-05,1.27800227845997
"46",0.01,0.99,3.25,5,0.841599390756943,0.00158871403756885,0.72785695381334,0.00177816605610862,0.113742436943603,0.00168344004683874,67.5654812639125,0.112156810164283,0.115328063722923,150.842396511803
"47",0.0883333333333333,0.99,3.25,5,1.95391335084533,0.000120582607634661,1.94865512720033,0.000143162972647399,0.00525822364499473,0.00013187279014103,39.8734541020281,0.00513360981167828,0.00538283747831118,88.834778147405
"48",0.166666666666667,0.99,3.25,5,1.97183372298577,4.07361284719441e-05,1.97165850049425,4.68530640857283e-05,0.000175222491519023,4.37945962788362e-05,4.00100711976877,0.000133917385922869,0.000216527597115176,8.92478657561722
"49",0.245,0.99,3.25,5,1.97315040418098,4.21904878060839e-05,1.97312852366955,2.73084666386137e-05,2.18805114227116e-05,3.47494772223488e-05,0.62966447761808,-1.19147609861772e-05,5.56757838316005e-05,1.37676203763911
"50",0.323333333333333,0.99,3.25,5,1.97323846347006,6.97800735533733e-05,1.97320644513776,2.41518502058902e-05,3.20183323017087e-05,4.69659618796318e-05,0.681734835619207,-1.93054883605585e-05,8.33421529639759e-05,1.37119133930519
"51",0.01,0.01,5.5,5,1.05210580235329,2.26903594011922e-05,1.04737699273438,3.97508130697801e-05,0.00472880961891153,3.12205862354862e-05,151.464472295419,0.0046978272760391,0.00475979196178396,326.709630000974
"52",0.0883333333333333,0.01,5.5,5,1.9627029644426,7.71612391697658e-05,1.9624219515323,8.40939771027537e-05,0.000281012910304357,8.06276081362597e-05,3.48531869914147,0.000205148329404035,0.000356877491204679,7.78621706563986
"53",0.166666666666667,0.01,5.5,5,1.97287358249873,4.8645718167049e-05,1.97284918272404,4.13894879892226e-05,2.43997746933733e-05,4.50176030781358e-05,0.54200519407982,-1.81122903154817e-05,6.69118397022283e-05,1.2080435222938
"54",0.245,0.01,5.5,5,1.97324610188153,9.08812938514679e-05,1.97320110277168,8.49630265543186e-05,4.49991098459002e-05,8.79221602028933e-05,0.51180623567549,-3.76826798964913e-05,0.000127680899588292,1.14378590828328
"55",0.323333333333333,0.01,5.5,5,1.97329362495324,0.000178115637361685,1.97322038350351,0.000161234656966412,7.32414497321976e-05,0.000169675147164049,0.431656910021035,-8.64885750623104e-05,0.000232971474526706,0.96402216298384
"56",0.01,0.255,5.5,5,1.10688890624601,0.000477615483937058,1.04612715819444,0.00059791502871607,0.0607617480515761,0.000537765256326564,112.989352392595,0.0602515492957982,0.0612719468073539,251.086119872506
"57",0.0883333333333333,0.255,5.5,5,1.96644126866731,5.60070745032566e-05,1.96542347835517,7.44657279946254e-05,0.00101779031213201,6.5236401248941e-05,15.6015704828373,0.000955543160603623,0.00108003746366039,34.5422001787397
"58",0.166666666666667,0.255,5.5,5,1.97307864144655,4.49973490768184e-05,1.97302757845843,2.8928125864684e-05,5.10629881187441e-05,3.69627374707512e-05,1.38147203407622,1.50791146564811e-05,8.70468615810071e-05,3.01857465978876
"59",0.245,0.255,5.5,5,1.97325366567525,9.33022029188184e-05,1.97321164957203,6.48131339714452e-05,4.20161032184119e-05,7.90576684451318e-05,0.531461451428614,-3.41239642542764e-05,0.0001181561706911,1.16955112394083
"60",0.323333333333333,0.255,5.5,5,1.97329797376853,0.000180551830044401,1.97323285018193,0.000124119800261034,6.51235865998245e-05,0.000152335815152718,0.427500168194444,-8.17897102695058e-05,0.000212036883469155,0.939932105991944
"61",0.01,0.5,5.5,5,1.12286038927678,0.000989976770295023,1.05193733051724,0.00106767301725417,0.0709230587595349,0.0010288248937746,68.9359862778293,0.0699553317722904,0.0718907857467793,154.035778786908
"62",0.0883333333333333,0.5,5.5,5,1.96697746861785,5.65619274999065e-05,1.9665897830142,6.66414861798494e-05,0.000387685603652876,6.1601706839878e-05,6.29342308096417,0.000329503510531077,0.000445867696774676,14.0256614178096
"63",0.166666666666667,0.5,5.5,5,1.97310435813569,4.36525031629562e-05,1.97308813220364,2.38804895957884e-05,1.62259320490854e-05,3.37664963793723e-05,0.4805334810809,-1.7534413536959e-05,4.99862776351298e-05,1.03121737852229
"64",0.245,0.5,5.5,5,1.97325648080687,9.55657877904567e-05,1.97321184542488,4.12454011234371e-05,4.46353819993917e-05,6.84055944569469e-05,0.652510695269,-2.69244079369709e-05,0.000116195171935754,1.35607834850595
"65",0.323333333333333,0.5,5.5,5,1.97330773940888,0.000192224999413507,1.97323424196923,7.50076152004296e-05,7.34974396552346e-05,0.000133616307306968,0.550063395229016,-6.91068490597448e-05,0.000216101728370214,1.12638474140348
"66",0.01,0.745,5.5,5,1.12955775630194,0.00151744900762897,1.05980232373807,0.00149100755414513,0.0697554325638601,0.00150422828088705,46.372903268861,0.0683420326016082,0.071168832526112,103.688959255844
"67",0.0883333333333333,0.745,5.5,5,1.96721935447727,5.69585446822448e-05,1.9669942013585,6.31492106642914e-05,0.000225153118766697,6.00538776732681e-05,3.74918535638406,0.000168611105217918,0.000281695132315475,8.37231957563229
"68",0.166666666666667,0.745,5.5,5,1.97311367901652,4.31337435260365e-05,1.97310906756961,2.45152141295257e-05,4.61144690921955e-06,3.38244788277811e-05,0.136334603489353,-2.8980010772664e-05,3.82029045911031e-05,0.29392458983888
"69",0.245,0.745,5.5,5,1.97325946347702,9.94221587283312e-05,1.97320976998644,3.01535792411943e-05,4.96934905840352e-05,6.47878689847628e-05,0.767018445933488,-2.29162401364549e-05,0.000122303221304525,1.51254469450223
"70",0.323333333333333,0.745,5.5,5,1.9733203861252,0.00021181136719202,1.97323000141021,3.81030280661872e-05,9.03847149820169e-05,0.000124957197629104,0.723325400192598,-6.21547251697919e-05,0.000242924155133826,1.32809749555625
"71",0.01,0.99,5.5,5,1.13308223879669,0.00205689866106656,1.0669516361462,0.00193251930221753,0.0661306026504913,0.00199470898164204,33.1530079119876,0.0642550197501099,0.0680061855508727,74.0963763220017
"72",0.0883333333333333,0.99,5.5,5,1.96734880424332,5.72898759965149e-05,1.96714216874529,6.32017815805391e-05,0.000206635498030572,6.0245828788527e-05,3.4298722780609,0.000149923825222624,0.000263347170838519,7.66021266606741
"73",0.166666666666667,0.99,5.5,5,1.97311877768257,4.31632358008472e-05,1.97311360418402,2.74206325402304e-05,5.17349854711746e-06,3.52919341705388e-05,0.146591527744496,-2.92452458601078e-05,3.95922429543427e-05,0.319927916318163
"74",0.245,0.99,5.5,5,1.97326249141045,0.000103252950190734,1.97320845481484,2.80664795517846e-05,5.40365956149813e-05,6.56597148712591e-05,0.822979443650226,-2.1036905534798e-05,0.000129110096764761,1.59700441954538
"75",0.323333333333333,0.99,5.5,5,1.97333248443116,0.000230257237841747,1.9732270612526,2.16246845617721e-05,0.000105423178553998,0.000125940961201759,0.837084119003259,-5.95816434162966e-05,0.000270428000524293,1.44150434123919
"76",0.01,0.01,7.75,5,1.19658817062133,3.02558805901563e-05,1.19126708811814,5.56234433332687e-05,0.00532108250318997,4.29396619617125e-05,123.919990519128,0.00527810659470275,0.00536405841167718,265.742533428788
"77",0.0883333333333333,0.01,7.75,5,1.96828360966791,7.11445766268163e-05,1.9681481766182,6.70938407824285e-05,0.000135433049709199,6.91192087046224e-05,1.95941261839333,7.04474981462255e-05,0.000200418601272173,4.3795000105476
"78",0.166666666666667,0.01,7.75,5,1.97317525011194,5.7535455558945e-05,1.97314882635114,5.18524326885834e-05,2.64237607936479e-05,5.46939441237642e-05,0.483120411536877,-2.5073471749187e-05,7.79209933364829e-05,1.07883511615355
"79",0.245,0.01,7.75,5,1.97328071527888,0.00014543172004617,1.97321154659176,0.000135948331302966,6.91686871161501e-05,0.000140690025674568,0.491638883314622,-6.31362051272921e-05,0.000201473579359592,1.09871412531799
"80",0.323333333333333,0.01,7.75,5,1.9732631529575,0.000301478816576239,1.97325364249236,0.000213898472638022,9.51046514252596e-06,0.000257688644607131,0.0369068072713313,-0.000238009689048897,0.000257030619333949,0.0813597489771038
"81",0.01,0.255,7.75,5,1.24237313818587,0.000489212771949204,1.19570585559244,0.000575045738158116,0.0466672825934273,0.00053212925505366,87.699148562545,0.0461647663761516,0.0471697988107031,195.466581864244
"82",0.0883333333333333,0.255,7.75,5,1.96981189097353,5.35252542699799e-05,1.96960954096639,5.45363164176957e-05,0.000202350007135532,5.40307853438378e-05,3.74508728399614,0.000151581297826628,0.000253118716444437,8.37390322538464
"83",0.166666666666667,0.255,7.75,5,1.97321001559495,5.91967103451161e-05,1.97318359846177,3.58540996001428e-05,2.64171331829655e-05,4.75254049726295e-05,0.555852879069194,-2.02801832574575e-05,7.31144496233884e-05,1.20705898495188
"84",0.245,0.255,7.75,5,1.9732853817927,0.000147633067093327,1.97322168170195,9.50572686432386e-05,6.37000907555141e-05,0.000121345167868283,0.5249495457838,-5.44045692503106e-05,0.000181804750761339,1.14721120503224
"85",0.323333333333333,0.255,7.75,5,1.97328301833895,0.000315715961576412,1.97326416303471,0.000148455809841879,1.88553042377304e-05,0.000232085885709145,0.08124278725575,-0.000219876910445112,0.000257587518920573,0.170907157502204
"86",0.01,0.5,7.75,5,1.24996450475564,0.000948476225692092,1.20580198795087,0.000924637236744183,0.0441625168047777,0.000936556731218137,47.1541288773158,0.0432824526000386,0.0450425810095168,105.431299327564
"87",0.0883333333333333,0.5,7.75,5,1.97004281290406,4.98186200716995e-05,1.96999818459309,4.92407310002027e-05,4.46283109711842e-05,4.95296755359511e-05,0.901041860021691,-1.90908147038583e-06,9.11657034127543e-05,2.01475656594381
"88",0.166666666666667,0.5,7.75,5,1.97321464840934,5.90464431001858e-05,1.9731901104235,2.86100943335603e-05,2.45379858438977e-05,4.38282687168731e-05,0.559866646853221,-2.02846988462561e-05,6.93606705340514e-05,1.18263663414947
"89",0.245,0.5,7.75,5,1.97329099775912,0.000158032420350901,1.97321934213272,4.83893822369092e-05,7.16556263997692e-05,0.000103210901293905,0.69426412812462,-4.38093107366119e-05,0.00018712056353615,1.37101910944451
"90",0.323333333333333,0.5,7.75,5,1.97333503342101,0.000342699065315502,1.9732494094429,5.57061561534874e-05,8.56239781075185e-05,0.000199202610734495,0.429833614086723,-0.000160859693908578,0.000332107650123615,0.779864792418788
"91",0.01,0.745,7.75,5,1.25267478440512,0.00142579022856776,1.21336885482593,0.00130563467201446,0.0393059295791862,0.00136571245029111,28.7805310486903,0.0380208083588187,0.0405910507995538,64.293046354664
"92",0.0883333333333333,0.745,7.75,5,1.97012780044886,4.79597929606126e-05,1.97008064875622,4.91527614573082e-05,4.71516926379145e-05,4.85562772089604e-05,0.971073058896148,1.52469742089715e-06,9.27786878549319e-05,2.17122155155161
"93",0.166666666666667,0.745,7.75,5,1.97321748885988,5.89388150720901e-05,1.97318960179231,2.94554887683435e-05,2.78870675773923e-05,4.41971519202168e-05,0.630969788002022,-1.70464647419736e-05,7.28205998967582e-05,1.33840472427038
"94",0.245,0.745,7.75,5,1.97329749658209,0.000167823873261584,1.97321766133392,3.28835785645678e-05,7.98352481634623e-05,0.000100353725913076,0.795538455967384,-4.11864021966768e-05,0.000200856898523601,1.47625060687421
"95",0.323333333333333,0.745,7.75,5,1.97337255727769,0.000362568601742009,1.97323468502095,3.21977303759031e-05,0.000137872256740446,0.000197383166058956,0.698500583880921,-0.000121899414947513,0.000397643928428404,1.19779069235898
"96",0.01,0.99,7.75,5,1.25393651733395,0.00193965950683052,1.21833421432035,0.00174937526514844,0.0356023030136012,0.00184451738598948,19.3016901244889,0.0338656449562558,0.0373389610709467,43.102589838088
"97",0.0883333333333333,0.99,7.75,5,1.97015839940335,4.82563099910185e-05,1.97009873413503,5.10069865708358e-05,5.96652683206855e-05,4.96316482809272e-05,1.20216173323452,1.30051542179394e-05,0.000106325382423432,2.68708385471652
"98",0.166666666666667,0.99,7.75,5,1.97321877494709,5.83716907801721e-05,1.97318664008992,3.31771952396725e-05,3.21348571707958e-05,4.57744430099223e-05,0.702026175694373,-1.3323897881945e-05,7.75936122235366e-05,1.51351021436912
"99",0.245,0.99,7.75,5,1.9733037869196,0.000171821263326869,1.97321825969467,3.18368459251288e-05,8.55272249327133e-05,0.000101829054625999,0.839909839552577,-3.82660721650078e-05,0.000209320522030434,1.54773774441074
"100",0.323333333333333,0.99,7.75,5,1.97338610118287,0.000354744085580598,1.97323032097596,5.72929313673786e-05,0.000155780206908762,0.000206018508473988,0.756146659164998,-9.93482252165676e-05,0.000410908639034092,1.37089971446638
"101",0.01,0.01,10,5,1.27635005960051,3.52230979261007e-05,1.27086056667506,6.58523839507487e-05,0.00548949292544898,5.05377409384247e-05,108.621652323902,0.0054387584537181,0.00554022739717986,232.447029019406
"102",0.0883333333333333,0.01,10,5,1.97017561262825,6.61925146908641e-05,1.97008947265239,5.81293517708145e-05,8.61399758615988e-05,6.21609332308393e-05,1.38575744256785,2.75432102423562e-05,0.000144736741480841,3.0921511756255
"103",0.166666666666667,0.01,10,5,1.97322433055824,7.23334172720279e-05,1.97318977759485,6.63958713537948e-05,3.45529633873909e-05,6.93646443129114e-05,0.49813509071738,-3.07131601985958e-05,9.98190869733775e-05,1.11284513726472
"104",0.245,0.01,10,5,1.97329505386088,0.000184454114058731,1.97322241200706,0.000165532129500727,7.26418538155027e-05,0.000174993121779729,0.415112623151782,-9.21522620839966e-05,0.000237435969715002,0.926866408762432
"105",0.323333333333333,0.01,10,5,1.97314390722083,0.00058624285890785,1.97328290082928,0.000268006065567322,-0.000138993608453486,0.000427124462237586,-0.325417110800297,-0.000580772322452682,0.00030278510554571,-0.681875624837237
"106",0.01,0.255,10,5,1.31308619274926,0.000457942077379662,1.27899899176789,0.000505147483372988,0.0340872009813757,0.000481544780376325,70.7871881712367,0.0336339064530403,0.0345404955097112,158.095172586874
"107",0.0883333333333333,0.255,10,5,1.97102093674414,5.1423429140473e-05,1.97097059316763,4.55576503822605e-05,5.03435765026872e-05,4.84905397613668e-05,1.03821439708528,4.65292918311055e-06,9.60342238222638e-05,2.31728319740629
"108",0.166666666666667,0.255,10,5,1.97323510641535,7.3838847357623e-05,1.97320241231562,4.40135126245599e-05,3.26940997299463e-05,5.89261799910914e-05,0.554831481268412,-2.53565990475799e-05,9.07447985074725e-05,1.20272360067036
"109",0.245,0.255,10,5,1.97330211339568,0.000192967521119204,1.97323227714959,0.000101358896768538,6.9836246089805e-05,0.000147163208943871,0.474549628205247,-7.83918912365199e-05,0.00021806438341613,1.01318315198093
"110",0.323333333333333,0.255,10,5,1.97323612506428,0.000511811009279268,1.9732774908716,0.000144977948981872,-4.13658073168399e-05,0.00032839447913057,-0.125963772065708,-0.000414068914962809,0.000331337300329129,-0.2459076199631
"111",0.01,0.5,10,5,1.3172311589279,0.000871714645589662,1.28851834626859,0.000817123440198683,0.0287128126593046,0.000844419042894172,34.0030378292914,0.0279187777717086,0.0295068475469006,75.9934121280904
"112",0.0883333333333333,0.5,10,5,1.97114230461156,4.74847736963845e-05,1.97112438758658,4.28236647503266e-05,1.79170249754446e-05,4.51542192233556e-05,0.396796252567626,-2.45968830004358e-05,6.0430932951325e-05,0.886083948743392
"113",0.166666666666667,0.5,10,5,1.97323789590656,7.41465091092174e-05,1.97320139713104,3.56400323348988e-05,3.64987755234747e-05,5.48932707220581e-05,0.664904368848405,-1.97266252358343e-05,9.27241762827837e-05,1.40297777684039
"114",0.245,0.5,10,5,1.97331335300813,0.000213643621031737,1.9732268553043,4.11404340713867e-05,8.64977038321779e-05,0.000127392027551562,0.678988359747771,-6.75208744493542e-05,0.00024051628211371,1.25721106477137
"115",0.323333333333333,0.5,10,5,1.97336547596547,0.000448536146787542,1.97323361707008,4.61768935746042e-05,0.000131858895391135,0.000247356520181073,0.533072244445425,-0.000189682783836861,0.00045340057461913,0.924746311277103
"116",0.01,0.745,10,5,1.31858704332567,0.00133377903084437,1.29379315965716,0.00121285193469125,0.024793883668502,0.00127331548276781,19.4719093610702,0.0235954068872494,0.0259923604497546,43.4915074549841
"117",0.0883333333333333,0.745,10,5,1.97116714593185,4.66716210723169e-05,1.97113755561248,4.38149288903346e-05,2.95903193676672e-05,4.52432749813257e-05,0.654026910737135,-1.29518042542305e-05,7.21324429895649e-05,1.46172037402589
"118",0.166666666666667,0.745,10,5,1.97323995422644,7.28694008361694e-05,1.97319891928513,3.78346508249242e-05,4.10349413115796e-05,5.53520258305468e-05,0.741344886584691,-1.48373506536914e-05,9.69072332768506e-05,1.5804415320677
"119",0.245,0.745,10,5,1.97332168947381,0.000221260251026186,1.97322591560193,3.56844149274217e-05,9.57738718811996e-05,0.000128472332976804,0.745482468186297,-6.33518136182244e-05,0.000254899557380624,1.35134961017133
"120",0.323333333333333,0.745,10,5,1.97339557242029,0.000410065006999059,1.97322624444297,9.51740655607307e-05,0.000169327977311839,0.000252619536279895,0.670288528770906,-0.000127417494844123,0.000466073449467801,1.27198759738061
"121",0.01,0.99,10,5,1.31913885018602,0.00184315206713037,1.29693578708859,0.00168753004291155,0.0222030630974295,0.00176534105502096,12.5772088256146,0.0205418855419915,0.0238642406528675,28.0962146829832
"122",0.0883333333333333,0.99,10,5,1.97117385346789,4.75416111983058e-05,1.97113630656468,4.55308069796138e-05,3.7546903213892e-05,4.65362090889598e-05,0.806832012081525,-6.19275052814923e-06,8.12865569559332e-05,1.80371032080521
"123",0.166666666666667,0.99,10,5,1.97324075757205,7.01623109181142e-05,1.97319633303478,4.27622271735864e-05,4.4424537269272e-05,5.64622690458503e-05,0.786800424779191,-1.09980938387092e-05,9.98471683772532e-05,1.70972926609674
"124",0.245,0.99,10,5,1.97332522355882,0.000212278788723641,1.97322655578158,3.87432975075908e-05,9.8667777233441e-05,0.000125511043115616,0.786128254408276,-5.42399982847082e-05,0.00025157555275159,1.44595022008164
"125",0.323333333333333,0.99,10,5,1.97338972606575,0.000388483123935214,1.97323134626349,0.00010813764744141,0.000158379802260855,0.000248310385688312,0.637829955528558,-0.000124325688380388,0.000441085292902099,1.24200205504552
