"","lambda","mu","phi","a0","m1","s1","m2","s2","m_dif","s_pool","d","l_conf","u_conf","t_stat"
"1",0.01,0.01,5,0.166666666666667,0.0797707677768116,2.72592434145083e-07,0.0784871119774409,4.50019975542075e-07,0.00128365579937076,3.61306204843579e-07,3552.81969189125,0.00128365579937076,0.00128365579937076,NA
"2",0.0883333333333333,0.01,5,0.166666666666667,1.03321307543427,0.000142684238331162,0.966894779273748,0.000289183928311997,0.0663182961605201,0.00021593408332158,307.122873519488,0.0660982286868812,0.066538363634159,650.347745401297
"3",0.166666666666667,0.01,5,0.166666666666667,1.58757254497824,0.000294126354129257,1.50121241440094,0.00065432016747015,0.0863601305772972,0.000474223260799704,182.10859254703,0.0858680104051891,0.0868522507494052,380.67935928195
"4",0.245,0.01,5,0.166666666666667,1.79160960304123,0.000276553477361968,1.7225937620339,0.000640178540559239,0.0690158410073298,0.000458366008960603,150.56928231618,0.0685364281875992,0.0694952538270604,312.962289713155
"5",0.323333333333333,0.01,5,0.166666666666667,1.87498592633419,0.00021850284580143,1.82518989721494,0.000497517351687374,0.0497960291192432,0.000358010098744402,139.091129814175,0.0494228013198275,0.0501692569186588,289.792572384353
"6",0.01,0.255,5,0.166666666666667,0.876890442527877,0.00021608618895603,0.807181855462676,0.00035256607412796,0.0697085870652008,0.000284326131541995,245.171228853106,0.0694297457224764,0.0699874284079252,533.081002435405
"7",0.0883333333333333,0.255,5,0.166666666666667,1.9707368465115,8.53187579589199e-05,1.95826619364896,0.000148427824921259,0.0124706528625365,0.000116873291440089,106.702333004193,0.0123548106795734,0.0125864950454995,230.345890443387
"8",0.166666666666667,0.255,5,0.166666666666667,1.97297969201482,6.5314636287367e-05,1.97250688065796,6.43659973838875e-05,0.000472811356856839,6.48403168356273e-05,7.29193470870037,0.000411887365806786,0.000533735347906893,16.3048254496374
"9",0.245,0.255,5,0.166666666666667,1.97322182436913,6.78309811112979e-05,1.9731241339616,5.68531560896308e-05,9.76904075373763e-05,6.23420686004643e-05,1.5670061922945,3.87606908583743e-05,0.000156620124216378,3.49042969014715
"10",0.323333333333333,0.255,5,0.166666666666667,1.97323774266821,8.93060986437335e-05,1.97320094528509,5.94786891392566e-05,3.67973831216784e-05,7.43923938914951e-05,0.494639051074887,-3.52563496868833e-05,0.00010885111593024,1.08446900108356
"11",0.01,0.5,5,0.166666666666667,1.23344276148986,0.000523466349866858,1.03349907138782,0.000441768045766748,0.199943690102039,0.000482617197816803,414.290437652278,0.199487697235511,0.200399682968568,923.080968392021
"12",0.0883333333333333,0.5,5,0.166666666666667,1.97119097881705,5.4723685030709e-05,1.96741967630358,0.000157368675507925,0.00377130251347602,0.000106046180269317,35.5628321915823,0.00365552255696866,0.00388708246998337,71.5788821130999
"13",0.166666666666667,0.5,5,0.166666666666667,1.97314578897556,9.21287224200511e-05,1.97320091963675,6.16937139037871e-05,-5.51306611888958e-05,7.69112181619191e-05,-0.716809101538747,-0.000129567541474975,1.9306219097183e-05,-1.57235226154701
"14",0.245,0.5,5,0.166666666666667,1.97324353606081,0.000122196195593648,1.97321274222871,7.28477942799066e-05,3.07938320993628e-05,9.75219949367775e-05,0.315762942701553,-6.52771538644568e-05,0.000126864818063182,0.684498198219277
"15",0.323333333333333,0.5,5,0.166666666666667,1.97327360645387,0.000175574837043131,1.97320357128817,9.8158528846296e-05,7.00351657056952e-05,0.000136866682944713,0.511703536601275,-6.62800431495277e-05,0.000206350374560918,1.10101827105955
"16",0.01,0.745,5,0.166666666666667,1.38730061764767,0.000679022193060217,1.13523791460211,0.000934482885286582,0.252062703045556,0.0008067525391734,312.441164801067,0.251289985188939,0.252835420902172,690.044440685023
"17",0.0883333333333333,0.745,5,0.166666666666667,1.97133301596843,7.92086729100213e-05,1.97124766824271,0.000105790472389546,8.53477257165558e-05,9.24995726497837e-05,0.922682378649404,-2.95541544556277e-06,0.000173650866878674,2.04220684097886
"18",0.166666666666667,0.745,5,0.166666666666667,1.97321640469063,0.00012278090820178,1.97319664145132,8.80477150294504e-05,1.97632393157399e-05,0.000105414311615615,0.187481557417032,-8.13605503472133e-05,0.000120887028978693,0.413645651960625
"19",0.245,0.745,5,0.166666666666667,1.97326588279166,0.000179950859535779,1.97320361878072,0.000111833593592276,6.22640109413375e-05,0.000145892226564027,0.426780866998502,-8.05006466719725e-05,0.000205028668554647,0.929323279624239
"20",0.323333333333333,0.745,5,0.166666666666667,1.97331618316932,0.000272851386437542,1.97318850621641,0.000151668079950671,0.000127676952908606,0.000212259733194107,0.601512830471,-8.39420256041413e-05,0.000339295931421354,1.29335923599592
"21",0.01,0.99,5,0.166666666666667,1.44928389228383,0.000883254663136373,1.25163794395947,0.00109578186779929,0.197645948324363,0.000989518265467833,199.739565424715,0.196707859185125,0.198584037463601,444.077934019492
"22",0.0883333333333333,0.99,5,0.166666666666667,1.97142083830943,0.000129327224164478,1.97157572319834,0.000108961607355619,-0.000154884888910134,0.000119144415760049,-1.29997606620578,-0.00026746877144977,-4.23010063704975e-05,-2.89627624096015
"23",0.166666666666667,0.99,5,0.166666666666667,1.97324056989229,0.00016625001757527,1.97321150859157,0.000118341122218035,2.90613007163376e-05,0.000142295569896653,0.204231942972255,-0.000107564514079826,0.000165687115512501,0.450339922043644
"24",0.245,0.99,5,0.166666666666667,1.9732923410908,0.000244105090078577,1.97320042612725,0.000153381521335225,9.19149635452143e-05,0.000198743305706901,0.46248080265288,-0.000102236166476422,0.000286066093566851,1.00821058750545
"25",0.323333333333333,0.99,5,0.166666666666667,1.9733604095667,0.000363044940138891,1.97319670020276,0.000218892778233553,0.000163709363935727,0.000290968859186222,0.562635343155233,-0.000122399986410752,0.000449818714282205,1.22118240870928
