"","lambda","mu","rho","phi","a0","m1","s1","m2","s2","m_dif","s_pool","d","l_conf","u_conf","t_stat"
"1",0.01,0.01,0.01,5,0.166666666666667,0.0691522069910221,5.38135916564480e-09,0.0691400827048077,8.02841229079442e-09,1.21242862144155e-05,6.70488572821961e-09,1808.27633845968,1.21242862144155e-05,1.21242862144155e-05,NA
"2",0.0883333333333333,0.01,0.01,5,0.166666666666667,0.572874466512883,2.94787980973974e-06,0.572190066632868,4.55250195297141e-06,0.000684399880014563,3.75019088135558e-06,182.497345246377,0.000680752886006225,0.000688046874022902,399.046503287253
"3",0.166666666666667,0.01,0.01,5,0.166666666666667,0.974884685410253,1.49492771158644e-05,0.973303723034731,2.39941679816674e-05,0.00158096237552119,1.94717225487659e-05,81.1927332860126,0.00156191558178498,0.00160000916925739,176.845303094975
"4",0.245,0.01,0.01,5,0.166666666666667,1.26791461576457,3.39983299213837e-05,1.26582208089221,5.61596153994226e-05,0.00209253487235794,4.50789726604031e-05,46.4193114630583,0.00204823793370286,0.00213683181101303,100.796327332824
"5",0.323333333333333,0.01,0.01,5,0.166666666666667,1.47203412373118,5.39974344509701e-05,1.46984947021192,9.02319816018533e-05,0.00218465351926778,7.21147080264117e-05,30.2941463545503,0.00211365626154103,0.00225565077699453,65.6981950475814
"6",0.01,0.255,0.01,5,0.166666666666667,0.0716815044188474,6.21054136944923e-08,0.0713677341627249,1.00424475619768e-07,0.000313770256122503,8.126494465713e-08,3861.07758328454,0.000313770256122503,0.000313770256122503,NA
"7",0.0883333333333333,0.255,0.01,5,0.166666666666667,0.686947036032443,2.7262179532452e-05,0.669091942421202,4.94057933221578e-05,0.0178550936112407,3.83339864273049e-05,465.777115174296,0.0178168256087217,0.0178933616137597,1000.60983889271
"8",0.166666666666667,0.255,0.01,5,0.166666666666667,1.1766040746496,8.60984921950044e-05,1.1400991065637,0.000173249235757856,0.0365049680858931,0.00012967386397643,281.51369108989,0.0363729929002915,0.0366369432714946,596.69475941644
"9",0.245,0.255,0.01,5,0.166666666666667,1.47966396366643,0.000120471634173514,1.43806825726197,0.000262558322762454,0.0415957064044596,0.000191514978467984,217.192967031628,0.0413977628904141,0.0417936499185052,455.338723347043
"10",0.323333333333333,0.255,0.01,5,0.166666666666667,1.65684169238272,0.000127654588974319,1.61880408177909,0.000288890168556965,0.0380376106036269,0.000208272378765642,182.633966294823,0.0378207472748637,0.03825447393239,380.846315768409
"11",0.01,0.5,0.01,5,0.166666666666667,0.0742870152273881,1.2608195996847e-07,0.0736626455914467,2.04900490996992e-07,0.000624369635941383,1.65491225482731e-07,3772.82622761491,0.000624369635941383,0.000624369635941383,NA
"12",0.0883333333333333,0.5,0.01,5,0.166666666666667,0.804172093874639,6.00933879984148e-05,0.769056553343898,0.000113738568868284,0.0351155405307406,8.69159784333493e-05,404.017088269548,0.0350280898311535,0.0352029912303277,863.238568660731
"13",0.166666666666667,0.5,0.01,5,0.166666666666667,1.3465289548453,0.000166501688173565,1.28444824219881,0.000348220477823131,0.062080712646488,0.000257361082998348,241.220280561558,0.0618168383073679,0.062344586985608,508.618616272724
"14",0.245,0.5,0.01,5,0.166666666666667,1.62622803916703,0.000201824755442655,1.56470500440352,0.000445178193703213,0.061523034763507,0.000323501474572934,190.178529617912,0.0611878857248982,0.0618581838021157,398.028668967585
"15",0.323333333333333,0.5,0.01,5,0.166666666666667,1.76692758728015,0.000190134243792367,1.71617867773057,0.000421644039171338,0.0507489095495772,0.000305889141481853,165.90621459699,0.0504316733002119,0.0510661457989426,346.96532293984
"16",0.01,0.745,0.01,5,0.166666666666667,0.0769701828733662,1.95597560633879e-07,0.0760261535549728,3.20167925231354e-07,0.00094402931839338,2.57882742932616e-07,3660.69209462399,0.00094402931839338,0.00094402931839338,NA
"17",0.0883333333333333,0.745,0.01,5,0.166666666666667,0.920720074369243,9.90577582595485e-05,0.869266710069548,0.000194918961561683,0.0514533642996946,0.000146988359910616,350.050604898126,0.0513043986344412,0.051602329964948,744.171947961392
"18",0.166666666666667,0.745,0.01,5,0.166666666666667,1.48234763976641,0.000237166430594091,1.40450774000459,0.000514495893110916,0.0778398997618257,0.000375831161852503,207.114011989177,0.0774518051609533,0.0782279943626981,434.491127518505
"19",0.245,0.745,0.01,5,0.166666666666667,1.72486705610228,0.000251358567524709,1.65650838520863,0.000569824011394875,0.0683586708936492,0.000410591289459792,166.488361171976,0.0679309973644363,0.0687863444228621,347.092011269177
"20",0.323333333333333,0.745,0.01,5,0.166666666666667,1.83320150579708,0.000214982807286534,1.78106122381603,0.000483884414935852,0.0521402819810453,0.000349433611111193,149.213699893493,0.0517768243034203,0.0525037396586702,311.396700477692
"21",0.01,0.99,0.01,5,0.166666666666667,0.0797324538122007,2.70980675524915e-07,0.0784595996385602,4.46915769258875e-07,0.00127285417364051,3.58948222391895e-07,3546.06624085973,0.00127285417364051,0.00127285417364051,NA
"22",0.0883333333333333,0.99,0.01,5,0.166666666666667,1.03321528423287,0.000142779630232665,0.967193078218356,0.00028961821814884,0.0660222060145119,0.000216198924190753,305.377125541385,0.0658018336262846,0.0662425784027392,646.578574388239
"23",0.166666666666667,0.99,0.01,5,0.166666666666667,1.58763387147367,0.000292073282472807,1.5021113268067,0.000654165627287676,0.085522544666969,0.000473119454880242,180.763111270951,0.085030915313599,0.0860141740203389,377.503159258502
"24",0.245,0.99,0.01,5,0.166666666666667,1.79132416699752,0.000273765308888005,1.72337077524535,0.000640093798084726,0.0679533917521655,0.000456929553486366,148.717436273671,0.0674745333236418,0.0684322501806893,308.666276265598
"25",0.323333333333333,0.99,0.01,5,0.166666666666667,1.87445143182935,0.00021634599377422,1.82558387836763,0.000498978173109932,0.0488675534617173,0.000357662083442076,136.630511659007,0.0484937395444603,0.0492413673789744,284.140189627748
"26",0.01,0.01,1.8825,5,0.166666666666667,0.11129493733951,2.3535909389858e-06,0.107462936492677,3.11099456869751e-06,0.00383200084683286,2.73229275384166e-06,1402.4854552811,0.00382939533981088,0.00383460635385483,3106.35730258356
"27",0.0883333333333333,0.01,1.8825,5,0.166666666666667,1.57269942980721,0.000375253582393748,1.52757551308379,0.000664397102484037,0.0451239167234123,0.000519825342438892,86.8059192953195,0.0446071100435871,0.0456407234032375,187.006297616813
"28",0.166666666666667,0.01,1.8825,5,0.166666666666667,1.69384775586949,0.000518963894660649,1.6584051971137,0.00105254005791123,0.0354425587557845,0.000785751976285938,45.1065473908357,0.0346416592337399,0.0362434582778291,95.5063443077608
"29",0.245,0.01,1.8825,5,0.166666666666667,1.71217550209983,0.00136752464241101,1.67480809552702,0.00207681508935276,0.0373674065728049,0.00172216986588188,21.6978634414033,0.0356966892201691,0.0390381239254407,47.5207559261264
"30",0.323333333333333,0.01,1.8825,5,0.166666666666667,1.71886390105527,0.00216926192633463,1.67911974438089,0.00331317341181297,0.0397441566743735,0.0027412176690738,14.4987233676347,0.0370826654006511,0.0424056479480958,31.7366638195632
"31",0.01,0.255,1.8825,5,0.166666666666667,1.27475398220665,0.000557725690943699,1.04212572360693,0.000334673850226612,0.232628258599718,0.000446199770585156,521.354500686193,0.23218916975897,0.233067347440465,1130.99103074453
"32",0.0883333333333333,0.255,1.8825,5,0.166666666666667,1.97025853058826,0.000163929510677683,1.96776065099277,0.000146515543699636,0.00249787959549241,0.000155222527188659,16.092249241996,0.00235167825228142,0.00264408093870341,35.9268858676999
"33",0.166666666666667,0.255,1.8825,5,0.166666666666667,1.97284264916723,7.23990961789642e-05,1.97259166685749,7.78175120876438e-05,0.000250982309747849,7.5108304133304e-05,3.34160533437687,0.000180341307160495,0.000321623312335203,7.46720049474637
"34",0.245,0.255,1.8825,5,0.166666666666667,1.97319821872297,3.80983862174816e-05,1.97297198389065,0.000125529748545816,0.000226234832323424,8.18140673816488e-05,2.76523145180005,0.000134555328119065,0.000317914336527783,5.45354712770629
"35",0.323333333333333,0.255,1.8825,5,0.166666666666667,1.97319364604548,4.91059701430186e-05,1.97306425322517,0.000135533529615325,0.000129392820314767,9.2319749879172e-05,1.40157247484006,2.94069245563004e-05,0.000229378716073233,2.83844012773406
"36",0.01,0.5,1.8825,5,0.166666666666667,1.45206504109366,0.000577862764082797,1.25572781200739,0.000674974766782438,0.196337229086272,0.000626418765432617,313.428077063875,0.195745898568698,0.196928559603846,698.750456176174
"37",0.0883333333333333,0.5,1.8825,5,0.166666666666667,1.97125767536051,9.01855788864109e-05,1.97125663690511,6.88895204357987e-05,1.03845539856096e-06,7.95375496611048e-05,0.0130561653330487,-7.47342737368191e-05,7.6811184533941e-05,0.0289363218346308
"38",0.166666666666667,0.5,1.8825,5,0.166666666666667,1.9730879898406,0.000126961617159128,1.97315110872877,8.97122776519378e-05,-6.3118888171898e-05,0.000108336947405533,-0.582616454344316,-0.000167233153762367,4.09953774185711e-05,-1.28393510194838
"39",0.245,0.5,1.8825,5,0.166666666666667,1.97323104943164,0.000180709831645788,1.97325724785961,0.000173869931179585,-2.61984279741334e-05,0.000177289881412687,-0.147771704540486,-0.000192821821436301,0.000140424965488034,-0.330366115905828
"40",0.323333333333333,0.5,1.8825,5,0.166666666666667,1.97322851746509,0.000285656902395235,1.97331024600843,0.000233074830540837,-8.17285433409864e-05,0.000259365866468036,-0.315109094554115,-0.000327376273818966,0.000163919187136993,-0.701013039882545
"41",0.01,0.745,1.8825,5,0.166666666666667,1.47097057668468,0.000769785345520752,1.38250907554226,0.00106581016793762,0.0884615011424237,0.000917797756729188,96.38452534214,0.0875818040288549,0.0893411982559925,212.773237053627
"42",0.0883333333333333,0.745,1.8825,5,0.166666666666667,1.97142541645151,0.000136980413347199,1.97150985873666,0.000100955827262602,-8.44422851484783e-05,0.000118968120304901,-0.709789184968738,-0.000198208282729515,2.93237124325585e-05,-1.56925256823423
"43",0.166666666666667,0.745,1.8825,5,0.166666666666667,1.97317533412799,0.00021664276864357,1.97322915700148,0.000221780848570305,-5.38228734909829e-05,0.000219211808606938,-0.245529079081188,-0.000259807970407912,0.000152162223425946,-0.548982012520866
"44",0.245,0.745,1.8825,5,0.166666666666667,1.97323696235621,0.000465758452890319,1.9733505264103,0.000480347252661464,-0.000113564054088355,0.000473052852775891,-0.240066312721628,-0.000558109146598586,0.000330981038421875,-0.536740787313879
"45",0.323333333333333,0.745,1.8825,5,0.166666666666667,1.97304519487067,0.000968373823709903,1.97359753840413,0.000836036194531544,-0.000552343533465116,0.000902205009120723,-0.612215103974453,-0.00140359552214445,0.00029890845521422,-1.36528761761958
"46",0.01,0.99,1.8825,5,0.166666666666667,1.4818027342613,0.00117421048477306,1.42432017943422,0.00144215063109021,0.0574825548270708,0.00130818055793163,43.9408417122148,0.0562433623992724,0.0587217472548692,97.7434937654637
"47",0.0883333333333333,0.99,1.8825,5,0.166666666666667,1.97158406327329,0.000215039864424326,1.97165755181546,0.00018414374298748,-7.34885421731502e-05,0.000199591803705903,-0.368194188381779,-0.000261897784265877,0.000114920699919576,-0.820852250661169
"48",0.166666666666667,0.99,1.8825,5,0.166666666666667,1.97314233796718,0.000352182229442889,1.97330893751671,0.000513081412815192,-0.000166599549539903,0.00043263182112904,-0.385083901376297,-0.000583914810043086,0.00025071571096328,-0.846561597305938
"49",0.245,0.99,1.8825,5,0.166666666666667,1.97308903570599,0.000875683431660471,1.97355619446354,0.0011792389997456,-0.00046715875754777,0.00102746121570304,-0.454672887314894,-0.00144887761421023,0.000514560099114688,-1.00576503022292
"50",0.323333333333333,0.99,1.8825,5,0.166666666666667,1.97288520767437,0.00184445296230653,1.97024689051242,0.0109516374411753,0.00263831716194773,0.00639804520174092,0.412363007568287,-0.00524185214454488,0.0105184864684403,0.751232520662513
"51",0.01,0.01,3.755,5,0.166666666666667,0.193972946782393,2.41278488014139e-05,0.18166007510612,3.17397385322056e-05,0.0123128716762723,2.79337936668097e-05,440.787664688102,0.0122862471414073,0.0123394962111374,976.608122065913
"52",0.0883333333333333,0.01,3.755,5,0.166666666666667,1.64184367998191,0.000952820988511169,1.61006175790979,0.000607377026901646,0.0317819220721234,0.000780099007706408,40.740882577926,0.0310215166439462,0.0325423275003006,88.9453044864134
"53",0.166666666666667,0.01,3.755,5,0.166666666666667,1.68839518105608,0.00186498701669353,1.66346877819546,0.00282674761647031,0.0249264028606142,0.00234586731658192,10.6256661169284,0.0226512581944609,0.0272015475267675,23.2757089314605
"54",0.245,0.01,3.755,5,0.166666666666667,1.69909988630383,0.00255725758727179,1.67128034863862,0.0113089559483764,0.0278195376652086,0.0069331067678241,4.01256443854529,0.0196409070300126,0.0359981683004047,7.58749636148464
"55",0.323333333333333,0.01,3.755,5,0.166666666666667,1.70132753463627,0.00677305255280694,1.67221618984953,0.0268523015379603,0.0291113447867408,0.0168126770453836,1.73151156761999,0.00963524779040043,0.0485874417830812,3.3241999623439
"56",0.01,0.255,3.755,5,0.166666666666667,1.45633443756877,0.000418534958948282,1.28877117753483,0.000613935224792348,0.167563260033936,0.000516235091870315,324.587116747247,0.167064848143561,0.16806167192431,713.1397729054
"57",0.0883333333333333,0.255,3.755,5,0.166666666666667,1.9710752597767,0.000134986053333316,1.97112141064114,8.47395397149797e-05,-4.61508644413744e-05,0.000109862796524148,-0.420077277308614,-0.000153490351162591,6.1188622279842e-05,-0.915684109239242
"58",0.166666666666667,0.255,3.755,5,0.166666666666667,1.97322561974503,8.18852565871614e-05,1.97306326876952,0.000115984828124706,0.000162350975510206,9.89350423559336e-05,1.64098555622106,6.72619775281724e-05,0.000257439973492239,3.61605207868803
"59",0.245,0.255,3.755,5,0.166666666666667,1.97201629562001,0.00358318207098848,1.97280234593815,0.000689451465950334,-0.000786050318139608,0.00213631676846941,-0.367946518859553,-0.00336918124117223,0.00179708060489301,-0.68121987786522
"60",0.323333333333333,0.255,3.755,5,0.166666666666667,1.96602275927496,0.00983331446169418,1.96261126981637,0.0186730089300259,0.0034114894585866,0.01425316169586,0.239349663701458,-0.0109380665979833,0.0177610455151565,0.511188355389074
"61",0.01,0.5,3.755,5,0.166666666666667,1.48328911520656,0.000964988067789937,1.43453818915728,0.00110397784897201,0.0487509260492793,0.00103448295838097,47.1258860808858,0.0477755248890677,0.049726327209491,105.139707513336
"62",0.0883333333333333,0.5,3.755,5,0.166666666666667,1.97131899777853,0.000359751266424826,1.97152121043472,0.000394957089613304,-0.000202212656196687,0.000377354178019065,-0.535869662973418,-0.000557366051191598,0.000152940738798223,-1.19693939574849
"63",0.166666666666667,0.5,3.755,5,0.166666666666667,1.97278250730768,0.000900375000844392,1.97303652995662,0.000670171938946904,-0.000254022648939145,0.000785273469895648,-0.32348303957461,-0.00100414515966739,0.000496099861789099,-0.715682962335801
"64",0.245,0.5,3.755,5,0.166666666666667,1.97076932215709,0.00366662141904579,1.97192264410525,0.00166508571905503,-0.00115332194816942,0.00266585356905041,-0.43262764375323,-0.00391424751731258,0.00160760362097374,-0.905670757911744
"65",0.323333333333333,0.5,3.755,5,0.166666666666667,1.97040324446864,0.00278191061277659,1.96610875655307,0.00870539573233882,0.0042944879155693,0.0057436531725577,0.747692763916824,-0.00207942744552499,0.0106684032766636,1.48596470657223
"66",0.01,0.745,3.755,5,0.166666666666667,1.51105193545246,0.00170261329393605,1.48889720188435,0.00182440349557005,0.0221547335681176,0.00176350839475305,12.5628738904983,0.0204962568726452,0.02381321026359,28.0747073326963
"67",0.0883333333333333,0.745,3.755,5,0.166666666666667,1.97144184138213,0.000855416163744157,1.97158615677766,0.000851878198358347,-0.000144315395527617,0.000853647181051252,-0.169057426453274,-0.00094637161843607,0.000657740827380837,-0.378023085983096
"68",0.166666666666667,0.745,3.755,5,0.166666666666667,1.97230293084082,0.00289014170223436,1.97329002158075,0.00200861247071173,-0.000987090739930085,0.00244937708647305,-0.402996641628356,-0.0033459303986794,0.00137174891881923,-0.886882817889177
"69",0.245,0.745,3.755,5,0.166666666666667,1.97199672644861,0.00283549670875381,1.9727672498953,0.00322751422654402,-0.000770523446695703,0.00303150546764892,-0.254171880908162,-0.00362815150645667,0.00208710461306526,-0.567161314769811
"70",0.323333333333333,0.745,3.755,5,0.166666666666667,1.97134196403773,0.00331660664370518,1.96943705997065,0.00702370186081287,0.00190490406707955,0.00517015425225903,0.368442405030223,-0.00340896498823523,0.00721877312239433,0.775529433637009
"71",0.01,0.99,3.755,5,0.166666666666667,1.51887206486087,0.00274415838426784,1.50930317115082,0.00283958715252966,0.00956889371004555,0.00279187276839875,3.42741038143141,0.00694515656385501,0.0121926308562361,7.66280359115963
"72",0.0883333333333333,0.99,3.755,5,0.166666666666667,1.97040902192847,0.0023882739076878,1.97123010499494,0.00226913538979589,-0.00082108306647255,0.00232870464874185,-0.352592187642243,-0.00301016880491423,0.00136800267196913,-0.788162271836635
"73",0.166666666666667,0.99,3.755,5,0.166666666666667,1.97036397453425,0.00919544562227049,1.9522179036828,0.0663242419382803,0.0181460708514412,0.0377598437802754,0.480565305223008,-0.0294844065651171,0.0657765482679994,0.856990267988781
"74",0.245,0.99,3.755,5,0.166666666666667,1.97077762459475,0.00747058218521808,1.87864390866046,0.159106629644238,0.0921337159342888,0.0832886059147278,1.10619831995527,-0.0217335018170413,0.206000933685619,1.82916175604354
"75",0.323333333333333,0.99,3.755,5,0.166666666666667,1.96089822846853,0.0134962923319239,1.80701779651461,0.191950939306994,0.153880431953915,0.102723615819459,1.49800443380387,0.0164331619526323,0.291327701955198,2.5288455066584
"76",0.01,0.01,5.6275,5,0.166666666666667,0.327787290497447,0.000141559254355306,0.30106353417455,0.000136067942593063,0.0267237563228965,0.000138813598474184,192.515406391301,0.0265932923605121,0.0268542202852808,430.393353012499
"77",0.0883333333333333,0.01,5.6275,5,0.166666666666667,1.67333091270327,0.000637662809596007,1.59487567987324,0.000656823105403743,0.0784552328300248,0.000647242957499875,121.214502098371,0.0778470038542058,0.0790634618058437,271.014180802767
"78",0.166666666666667,0.01,5.6275,5,0.166666666666667,1.69725038505601,0.000618164565981578,1.62799800890709,0.00133272881664351,0.0692523761489223,0.000975446691312541,70.995551848905,0.0682463190720457,0.070258433225799,149.066283871378
"79",0.245,0.01,5.6275,5,0.166666666666667,1.69853593296002,0.00822567591024748,1.62540062571879,0.0317870993589389,0.0731353072412306,0.0200063876345932,3.65559783090336,0.0500617180145948,0.0962088964678664,7.04370741212186
"80",0.323333333333333,0.01,5.6275,5,0.166666666666667,1.68269395611318,0.0384507413182222,1.60856448746137,0.0773030079580432,0.0741294686518101,0.0578768746381327,1.28081326290154,0.0152353585954681,0.133023578708152,2.71512571483101
"81",0.01,0.255,5.6275,5,0.166666666666667,1.47234195466332,0.00062843316292073,1.40307139746669,0.000714225264472559,0.0692705571966301,0.000671329213696644,103.184184128075,0.0686377815108262,0.069903332882434,230.257275654035
"82",0.0883333333333333,0.255,5.6275,5,0.166666666666667,1.97144024953625,0.000104560469093822,1.97154853448603,0.000153661968435712,-0.000108284949783766,0.000129111218764767,-0.838695125177731,-0.000232969664772238,1.63997652047065e-05,-1.84236713690065
"83",0.166666666666667,0.255,5.6275,5,0.166666666666667,1.9731400365145,0.000364189708981355,1.97315827860398,0.000253338709529808,-1.82420894756508e-05,0.000308764209255581,-0.0590809715919852,-0.00031555840979868,0.000279074230847378,-0.130030692362912
"84",0.245,0.255,5.6275,5,0.166666666666667,1.96061457039599,0.0112321014681603,1.96449701214581,0.0135544608521388,-0.00388244174982177,0.0123932811601495,-0.313269883871087,-0.0156066765365779,0.00784179303693433,-0.697438172342744
"85",0.323333333333333,0.255,5.6275,5,0.166666666666667,1.96151312277663,0.00810278221402598,1.95443991996004,0.016179646508799,0.00707320281658741,0.0121412143614125,0.582577871210943,-0.00526544945587051,0.0194118550890453,1.23609790689692
"86",0.01,0.5,5.6275,5,0.166666666666667,1.51169247375557,0.00156448599243185,1.49324597443509,0.00158715527864001,0.0184464993204752,0.00157582063553593,11.7059638035528,0.0169658596053214,0.0199271390356289,26.1746537152348
"87",0.0883333333333333,0.5,5.6275,5,0.166666666666667,1.9712211970187,0.000638790778487244,1.97146599699055,0.000629285905121194,-0.000244799971844456,0.000634038341804219,-0.386096479824633,-0.000840543936302006,0.000350943992613094,-0.863313723508105
"88",0.166666666666667,0.5,5.6275,5,0.166666666666667,1.96949364816042,0.00599126330976497,1.97073879806034,0.00291541055298581,-0.00124514989991353,0.00445333693137539,-0.279599302523237,-0.00579579063663836,0.0033054908368113,-0.590956233958073
"89",0.245,0.5,5.6275,5,0.166666666666667,1.96763014820871,0.00692885894897313,1.95970182162664,0.0142890151435896,0.00792832658207354,0.0106089370462814,0.7473252548758,-0.00291971217147309,0.0187763653356202,1.57878092705929
"90",0.323333333333333,0.5,5.6275,5,0.166666666666667,1.96784553934944,0.00362518488916336,1.95762832138063,0.0238110203751124,0.0102172179688036,0.0137181026321379,0.744798186949511,-0.00689683629536719,0.0273312722329744,1.341463109402
"91",0.01,0.745,5.6275,5,0.166666666666667,1.52139858082032,0.00304987276222838,1.51732917414347,0.00306040706759594,0.00406940667684608,0.00305513991491216,1.33198700883821,0.00119890995816464,0.00693990339552751,2.97840907058043
"92",0.0883333333333333,0.745,5.6275,5,0.166666666666667,1.97022367597575,0.00253695446987575,1.97176998293896,0.00136730803157867,-0.00154630696321334,0.00195213125072721,-0.792112191553365,-0.00350333606623328,0.000410722139806605,-1.69671303246868
"93",0.166666666666667,0.745,5.6275,5,0.166666666666667,1.97041562840309,0.00724274138333316,1.96465936931734,0.0216058649598989,0.00575625908574828,0.014424303171616,0.399066701334687,-0.0101045779320333,0.0216170961035298,0.798809870442496
"94",0.245,0.745,5.6275,5,0.166666666666667,1.97305158980923,0.00154633190724238,1.96377053259476,0.0106928335185463,0.00928105721446193,0.00611958271289434,1.51661602594343,0.00159931600694146,0.0169627984219824,2.71650333205171
"95",0.323333333333333,0.745,5.6275,5,0.166666666666667,1.97093578519988,0.00354603064640683,1.94750828843022,0.0249789353701499,0.0234274967696604,0.0142624830082784,1.64259594602583,0.00548547638965717,0.0413695171496636,2.93642783609689
"96",0.01,0.99,5.6275,5,0.166666666666667,1.52348096024313,0.00502534544788056,1.52438358511221,0.00500749110669516,-0.000902624869075996,0.00501641827728786,-0.179934132120259,-0.00561586708080609,0.00381061734265409,-0.402344313793169
"97",0.0883333333333333,0.99,5.6275,5,0.166666666666667,1.96825886672504,0.00701177173656721,1.97075531369644,0.00454438391184954,-0.00249644697140061,0.00577807782420838,-0.43205492334168,-0.00811478859339628,0.00312189465059506,-0.94480834220235
"98",0.166666666666667,0.99,5.6275,5,0.166666666666667,1.9590421088243,0.0289403384218486,1.94603989669897,0.0632313592933604,0.0130022121253317,0.0460858488576045,0.282130251425026,-0.0346539624871589,0.0606583867378223,0.591269418736236
"99",0.245,0.99,5.6275,5,0.166666666666667,1.964072985987,0.0233092983746254,1.88081957565909,0.107318496569023,0.0832534103279123,0.0653138974718241,1.27466609022723,0.00571082502792777,0.160795995627897,2.39727513049132
"100",0.323333333333333,0.99,5.6275,5,0.166666666666667,1.93555031213588,0.084299902558134,1.88083085776123,0.198502032858743,0.0547194543746463,0.141400967708439,0.386980763013412,-0.0936756940263001,0.203114602775593,0.802362790201931
"101",0.01,0.01,7.5,5,0.166666666666667,0.451376306369938,0.000270866077315248,0.401312236100957,0.000209393981321899,0.0500640702689809,0.000240130029318574,208.487336677756,0.04983557409444,0.0502925664435217,462.419254775846
"102",0.0883333333333333,0.01,7.5,5,0.166666666666667,1.67874290060678,0.000542791810743451,1.60352045092168,0.000915284556017598,0.0752224496851017,0.000729038183380525,103.180397679992,0.0745036347811005,0.0759412645891029,223.539117041607
"103",0.166666666666667,0.01,7.5,5,0.166666666666667,1.6968252905819,0.000667686276547127,1.62608296636156,0.00169804622460145,0.0707423242203424,0.00118286625057429,59.8058522559053,0.0694818096815758,0.072002838759109,122.60596576979
"104",0.245,0.01,7.5,5,0.166666666666667,1.68449970135572,0.0280789884629281,1.59344931910328,0.0840811217787706,0.091050382252444,0.0560800551208493,1.62357868686533,0.0293400204807896,0.152760744024098,3.24805949107435
"105",0.323333333333333,0.01,7.5,5,0.166666666666667,1.65937576188083,0.0700895647487797,1.6006149370561,0.0779453975029787,0.0587608248247355,0.0740174811258792,0.793877661478413,-0.0109369189345208,0.128458568583992,1.77267011879195
"106",0.01,0.255,7.5,5,0.166666666666667,1.48720274566927,0.00094802632221091,1.45057404020479,0.00090391990372068,0.0366287054644845,0.000925973112965795,39.5569859984018,0.0357583092371862,0.0374991016917828,88.4270347122835
"107",0.0883333333333333,0.255,7.5,5,0.166666666666667,1.97166561056751,9.65377342019675e-05,1.97166620236657,0.000176905716021119,-5.91799062199527e-07,0.000136721725111543,-0.00432849323482945,-0.000137349511226867,0.000136165913102467,-0.0092860315251655
"108",0.166666666666667,0.255,7.5,5,0.166666666666667,1.97084268874057,0.00321856703229341,1.96932747652295,0.0051471559288912,0.00151521221762874,0.0041828614805923,0.362242982383959,-0.00257405395535416,0.00560447839061164,0.789297353521788
"109",0.245,0.255,7.5,5,0.166666666666667,1.94480150151963,0.0105571452255047,1.9384502621886,0.0164602183169242,0.00635123933103166,0.0135086817712145,0.470159815635413,-0.00680431174145103,0.0195067904035143,1.02707940618282
"110",0.323333333333333,0.255,7.5,5,0.166666666666667,1.94843461851212,0.019419950876879,1.92292182345514,0.0322797580488776,0.0255127950569809,0.0258498544628783,0.986960878004886,8.55782202029361e-05,0.0509400118937589,2.14165197231768
"111",0.01,0.5,7.5,5,0.166666666666667,1.51995677377673,0.00238394656012976,1.51436115385913,0.00229776992614218,0.00559561991759838,0.00234085824313597,2.39041382963118,0.0033956549048871,0.00779558493030966,5.34422252977575
"112",0.0883333333333333,0.5,7.5,5,0.166666666666667,1.9707904459559,0.00105039638733986,1.97137978739811,0.000719079573702586,-0.000589341442209568,0.000884737980521223,-0.666119749784418,-0.00144305794992746,0.000264375065508322,-1.46404623375295
"113",0.166666666666667,0.5,7.5,5,0.166666666666667,1.96514753930044,0.0189438128213924,1.95559911428668,0.0281323321611858,0.00954842501376008,0.0235380724912891,0.405658747855999,-0.013214933906891,0.0323117839344112,0.89028059499657
"114",0.245,0.5,7.5,5,0.166666666666667,1.96272471409431,0.0114337153924083,1.94844958063192,0.0357963301986716,0.0142751334623927,0.02361502279554,0.604493740530659,-0.0119335761653101,0.0404838430900955,1.20128584146555
"115",0.323333333333333,0.5,7.5,5,0.166666666666667,1.96057112534242,0.0102738224119689,1.95009489186073,0.0223430227129507,0.0104762334816986,0.0163084225624598,0.64238177797856,-0.00637253830586779,0.0273250052692649,1.3471404879787
"116",0.01,0.745,7.5,5,0.166666666666667,1.52334751849672,0.00486291005417127,1.52435446261433,0.00484495203439112,-0.00100694411760727,0.0048539310442812,-0.207449201156994,-0.00556752021299237,0.00355363197777783,-0.463869722003493
"117",0.0883333333333333,0.745,7.5,5,0.166666666666667,1.96791861591251,0.00549211982856739,1.97112683575993,0.00256784176792517,-0.00320821984741593,0.00402998079824628,-0.796088122507195,-0.00735820278297743,0.000941763088145577,-1.67337378254767
"118",0.166666666666667,0.745,7.5,5,0.166666666666667,1.96585446143426,0.0160025541246674,1.94776804359135,0.0506345571564976,0.0180864178429097,0.0333185556405825,0.542833189950171,-0.0189662075094022,0.0551390431952215,1.0770419447937
"119",0.245,0.745,7.5,5,0.166666666666667,1.95977118893476,0.0176226295761838,1.93683060927785,0.0571333331277031,0.0229405796569173,0.0373779813519435,0.613745815776232,-0.0188178035531985,0.0646989628670331,1.21333308991603
"120",0.323333333333333,0.745,7.5,5,0.166666666666667,1.95527951375799,0.0248590511053333,1.94609504171573,0.0329785238256598,0.0091844720422618,0.0289187874654965,0.317595336706974,-0.0184027860022621,0.0367717300867857,0.703268675871377
"121",0.01,0.99,7.5,5,0.166666666666667,1.52132128419974,0.00815335965809348,1.52263090485945,0.00835426006414948,-0.00130962065971296,0.00825380986112148,-0.158668624762216,-0.00906548122680909,0.00644623990738317,-0.354767559021632
"122",0.0883333333333333,0.99,7.5,5,0.166666666666667,1.96625765604763,0.0133501793357503,1.9689465096561,0.00977614363641731,-0.00268885360847126,0.0115631614860838,-0.232536197968634,-0.0137543749520757,0.00837666773513317,-0.513866398201779
"123",0.166666666666667,0.99,7.5,5,0.166666666666667,1.82531324028569,0.424545536298027,1.9279079725339,0.0749831431833091,-0.102594732248216,0.249764339740668,-0.410766134007524,-0.408260531881783,0.203071067385351,-0.752541541765976
"124",0.245,0.99,7.5,5,0.166666666666667,1.66716439228941,0.496017387421148,1.85953726287543,0.163782594729156,-0.192372870586016,0.329899991075152,-0.583124812944276,-0.556186309140955,0.171440567968922,-1.16459652580319
"125",0.323333333333333,0.99,7.5,5,0.166666666666667,1.81762346741129,0.335325146752187,1.83862667426406,0.164704915014363,-0.0210032068527695,0.250015030883275,-0.0840077765667428,-0.276023907633184,0.234017493927645,-0.177782307482257
