"","lambda","mu","phi","a0","m","s","l_conf","u_conf","t_stat"
"1",0.01,0.01,5,0.333333333333333,-0.191800388489425,0.000186719895168718,-0.191870110844136,-0.191730666134714,-5626.25633540481
"2",0.171666666666667,0.01,5,0.333333333333333,-1.09613432292142,0.0124973922342281,-1.10080092587515,-1.09146771996769,-480.402217892615
"3",0.333333333333333,0.01,5,0.333333333333333,-0.789502716914504,0.0217939966294422,-0.797640729000423,-0.781364704828585,-198.416313729951
"4",0.495,0.01,5,0.333333333333333,-0.484525949038118,0.0232882589719127,-0.493221927852642,-0.475829970223594,-113.956905196241
"5",0.656666666666667,0.01,5,0.333333333333333,-0.287301112896249,0.0195587653596565,-0.294604475908957,-0.279997749883542,-80.4556409548223
"6",0.01,0.255,5,0.333333333333333,-0.861596471824948,0.00434608283619207,-0.863219325826841,-0.859973617823054,-1085.84175882591
"7",0.171666666666667,0.255,5,0.333333333333333,-1.0367005285294,0.0195840347472835,-1.04401332728652,-1.02938772977228,-289.94243126118
"8",0.333333333333333,0.255,5,0.333333333333333,-0.816706602875566,0.0369309623485439,-0.830496850852894,-0.802916354898237,-121.125635729879
"9",0.495,0.255,5,0.333333333333333,-0.736037639347392,0.0446162499283744,-0.75269762086978,-0.719377657825004,-90.3582033206768
"10",0.656666666666667,0.255,5,0.333333333333333,-0.68270580095987,0.048943962139642,-0.700981776780068,-0.664429825139671,-76.4003057738733
"11",0.01,0.5,5,0.333333333333333,-0.921760031838774,0.00600406747127261,-0.924001987478057,-0.919518076199492,-840.877895627255
"12",0.171666666666667,0.5,5,0.333333333333333,-0.886892957093279,0.0266969147765937,-0.896861748903368,-0.876924165283191,-181.957833988497
"13",0.333333333333333,0.5,5,0.333333333333333,-0.982527840231227,0.0501836580115744,-1.00126672609772,-0.963788954364736,-107.236634951433
"14",0.495,0.5,5,0.333333333333333,-0.956832052898267,0.0634588877663086,-0.98052799102205,-0.933136114774484,-82.5855160031026
"15",0.656666666666667,0.5,5,0.333333333333333,-0.90054043977094,0.0695182433696084,-0.926498978461795,-0.874581901080085,-70.9520679608831
"16",0.01,0.745,5,0.333333333333333,-0.938121772005955,0.00755676900760266,-0.940943515927457,-0.935300028084453,-679.960517117076
"17",0.171666666666667,0.745,5,0.333333333333333,-0.902763868377265,0.0330919067073909,-0.915120589418832,-0.890407147335699,-149.42147008423
"18",0.333333333333333,0.745,5,0.333333333333333,-0.927927208163043,0.0580830709585086,-0.949615783300706,-0.90623863302538,-87.5034076618907
"19",0.495,0.745,5,0.333333333333333,-1.04975607710748,0.0689516741079324,-1.07550305535913,-1.02400909885583,-83.3881251976379
"20",0.656666666666667,0.745,5,0.333333333333333,-1.02566452245612,0.0844814326878826,-1.05721040786389,-0.994118637048347,-66.4974039274973
"21",0.01,0.99,5,0.333333333333333,-0.938265924145984,0.00925685723708503,-0.941722491445406,-0.934809356846563,-555.16618484117
"22",0.171666666666667,0.99,5,0.333333333333333,-0.911375872295207,0.0374032705870763,-0.925342483067246,-0.897409261523169,-133.459217813565
"23",0.333333333333333,0.99,5,0.333333333333333,-0.968436733626208,0.0600610053146133,-0.990863881590545,-0.94600958566187,-88.3159783532023
"24",0.495,0.99,5,0.333333333333333,-1.0235851555259,0.0799794776411275,-1.05344998329181,-0.993720327759997,-70.0980671222431
"25",0.656666666666667,0.99,5,0.333333333333333,-1.08492959555998,0.0986449778975818,-1.12176423566731,-1.04809495545266,-60.240310805293
