"","lambda","mu","rho","phi","a0","m","s","l_conf","u_conf","t_stat"
"1",0.01,0.01,0.01,5,0.333333333333333,-0.160684466488441,9.42514083658254e-05,-0.160719660542722,-0.160649272434159,-9337.8452865977
"2",0.171666666666667,0.01,0.01,5,0.333333333333333,-0.891504727268508,0.0096637208784629,-0.895113219948444,-0.887896234588573,-505.289065556207
"3",0.333333333333333,0.01,0.01,5,0.333333333333333,-0.687465621806599,0.0204526770641945,-0.695102776935501,-0.679828466677697,-184.103248386971
"4",0.495,0.01,0.01,5,0.333333333333333,-0.459652066372715,0.0265608414076074,-0.469570047551774,-0.449734085193656,-94.7868335541847
"5",0.656666666666667,0.01,0.01,5,0.333333333333333,-0.289263334236992,0.0273116975581255,-0.299461689710477,-0.279064978763506,-58.0103279496153
"6",0.01,0.255,0.01,5,0.333333333333333,-0.168329553445682,0.000114323584481413,-0.168372242573704,-0.16828686431766,-8064.6433485438
"7",0.171666666666667,0.255,0.01,5,0.333333333333333,-0.957967317687173,0.010608652684624,-0.961928653702347,-0.954005981672,-494.596557026016
"8",0.333333333333333,0.255,0.01,5,0.333333333333333,-0.724669293978689,0.0211008485864428,-0.732548480331671,-0.716790107625708,-188.105097962026
"9",0.495,0.255,0.01,5,0.333333333333333,-0.471116445311206,0.0259618384793325,-0.480810755120911,-0.4614221355015,-99.3924619452569
"10",0.656666666666667,0.255,0.01,5,0.333333333333333,-0.28735814612541,0.0252721505503192,-0.296794922229974,-0.277921370020846,-62.279044437619
"11",0.01,0.5,0.01,5,0.333333333333333,-0.176081149475846,0.000136315372055112,-0.176132050472305,-0.176030248479386,-7075.03607739612
"12",0.171666666666667,0.5,0.01,5,0.333333333333333,-1.01090370505458,0.0113682013617433,-1.01514866120696,-1.0066587489022,-487.055731249851
"13",0.333333333333333,0.5,0.01,5,0.333333333333333,-0.74950577894865,0.0214828923140155,-0.757527622774017,-0.741483935123283,-191.092156544876
"14",0.495,0.5,0.01,5,0.333333333333333,-0.474364627921391,0.0251303581024399,-0.483748457855771,-0.464980797987011,-103.3889792322
"15",0.656666666666667,0.5,0.01,5,0.333333333333333,-0.282098616125126,0.0232315482357918,-0.290773418802762,-0.273423813447489,-66.5094611536363
"16",0.01,0.745,0.01,5,0.333333333333333,-0.18393517532909,0.000160185454145938,-0.183994989560688,-0.183875361097493,-6289.30043514597
"17",0.171666666666667,0.745,0.01,5,0.333333333333333,-1.05371906595862,0.0119857072115582,-1.0581946025848,-1.04924352933244,-481.528283239098
"18",0.333333333333333,0.745,0.01,5,0.333333333333333,-0.765446267291532,0.0216712192027261,-0.77353843353286,-0.757354101050205,-193.460360135604
"19",0.495,0.745,0.01,5,0.333333333333333,-0.472432540177755,0.0241557907421103,-0.481452460679104,-0.463412619676407,-107.122123186689
"20",0.656666666666667,0.745,0.01,5,0.333333333333333,-0.275559191233275,0.0212720748936831,-0.283502314540154,-0.267616067926396,-70.952168850799
"21",0.01,0.99,0.01,5,0.333333333333333,-0.191887402645222,0.00018591476017454,-0.191956824357585,-0.191817980932859,-5653.18530014475
"22",0.171666666666667,0.99,0.01,5,0.333333333333333,-1.08875351142942,0.012493394393742,-1.09341862156498,-1.08408840129385,-477.320125322833
"23",0.333333333333333,0.99,0.01,5,0.333333333333333,-0.774870316386299,0.0217144796374958,-0.782978636339449,-0.766761996433149,-195.45204790129
"24",0.495,0.99,0.01,5,0.333333333333333,-0.46734531468773,0.0231011646214988,-0.475971431323657,-0.458719198051803,-110.806349027356
"25",0.656666666666667,0.99,0.01,5,0.333333333333333,-0.268946986544245,0.0194443291707699,-0.276207618381756,-0.261686354706735,-75.7590195113372
"26",0.01,0.01,1.8825,5,0.333333333333333,-0.310552514357309,0.000363987716741491,-0.310688429604444,-0.310416599110173,-4673.14169077442
"27",0.171666666666667,0.01,1.8825,5,0.333333333333333,-0.108577745928956,0.016546904912759,-0.114756461767733,-0.102399030090179,-35.9405465867503
"28",0.333333333333333,0.01,1.8825,5,0.333333333333333,0.0362575219517424,0.0413095852453305,0.0208322693142042,0.0516827745892807,4.80737401120552
"29",0.495,0.01,1.8825,5,0.333333333333333,0.0377491480701083,0.0806306271217615,0.00764117709218843,0.0678571190480281,2.56429357710162
"30",0.656666666666667,0.01,1.8825,5,0.333333333333333,-0.0161673364187847,0.120823643058405,-0.0612836262022634,0.028948953364694,-0.732904142532983
"31",0.01,0.255,1.8825,5,0.333333333333333,-0.954609458079888,0.00495558508358486,-0.956459903961325,-0.95275901219845,-1055.09465578563
"32",0.171666666666667,0.255,1.8825,5,0.333333333333333,0.0430769012316565,0.0195958670254532,0.0357596842292566,0.0503941182340564,12.0403912117559
"33",0.333333333333333,0.255,1.8825,5,0.333333333333333,0,0,0,0,NA
"34",0.495,0.255,1.8825,5,0.333333333333333,0,0,0,0,NA
"35",0.656666666666667,0.255,1.8825,5,0.333333333333333,0,0,0,0,NA
"36",0.01,0.5,1.8825,5,0.333333333333333,-0.951817223976422,0.00861015420686757,-0.9550323083957,-0.948602139557144,-605.484816727222
"37",0.171666666666667,0.5,1.8825,5,0.333333333333333,-0.172134172501571,0.0369650759357553,-0.185937158701711,-0.158331186301431,-25.505633847596
"38",0.333333333333333,0.5,1.8825,5,0.333333333333333,0.0320830464059338,0.0566238032092386,0.0109393708010211,0.0532267220108465,3.10339596319236
"39",0.495,0.5,1.8825,5,0.333333333333333,0,0,0,0,NA
"40",0.656666666666667,0.5,1.8825,5,0.333333333333333,-0.0102891580106472,0.0314459345952905,-0.0220312629646226,0.00145294694332807,-1.79215660551889
"41",0.01,0.745,1.8825,5,0.333333333333333,-0.918621986488983,0.0131348870950778,-0.92352663393591,-0.913717339042056,-383.06380570928
"42",0.171666666666667,0.745,1.8825,5,0.333333333333333,-0.327693653067794,0.0562947998558114,-0.348714476801523,-0.306672829334065,-31.8830879932464
"43",0.333333333333333,0.745,1.8825,5,0.333333333333333,-0.0700469338358306,0.0632229958196783,-0.0936547884591302,-0.046439079212531,-6.06840679542976
"44",0.495,0.745,1.8825,5,0.333333333333333,0.0442261408930333,0.0771804253535007,0.0154064964284357,0.0730457853576309,3.13857495440938
"45",0.656666666666667,0.745,1.8825,5,0.333333333333333,0.0211650250265875,0.121184232498378,-0.0240859110666273,0.0664159611198023,0.95660643288544
"46",0.01,0.99,1.8825,5,0.333333333333333,-0.886944626666383,0.0177994884790639,-0.893591064895621,-0.880298188437146,-272.928955152044
"47",0.171666666666667,0.99,1.8825,5,0.333333333333333,-0.390269338774678,0.074158623488415,-0.417960623878785,-0.36257805367057,-28.8246073476417
"48",0.333333333333333,0.99,1.8825,5,0.333333333333333,-0.231398886332984,0.0773279448710709,-0.260273615490733,-0.202524157175234,-16.3902441785395
"49",0.495,0.99,1.8825,5,0.333333333333333,-0.0590074318845791,0.107001447953893,-0.0989624291925652,-0.019052434576593,-3.0204919766656
"50",0.656666666666667,0.99,1.8825,5,0.333333333333333,0.0149801618617657,0.126455639399563,-0.0322391499177006,0.062199473641232,0.648841965904133
"51",0.01,0.01,3.755,5,0.333333333333333,-0.468671178427329,0.000757342981708647,-0.46895397494433,-0.468388381910329,-3389.50492282942
"52",0.171666666666667,0.01,3.755,5,0.333333333333333,0.0257416523879436,0.0335329632811537,0.0132202381150768,0.0382630666608104,4.20460415684694
"53",0.333333333333333,0.01,3.755,5,0.333333333333333,0.021929075565504,0.0523860633652804,0.00236779802430966,0.0414903531066984,2.29279479710293
"54",0.495,0.01,3.755,5,0.333333333333333,0.00493841653820241,0.0538005513202935,-0.0151510394857643,0.0250278725621691,0.502761044255276
"55",0.656666666666667,0.01,3.755,5,0.333333333333333,-0.0702290996737467,0.148773136172385,-0.125781901705264,-0.0146762976422298,-2.5855516038876
"56",0.01,0.255,3.755,5,0.333333333333333,-0.953490689109181,0.00834637208732912,-0.956607275666256,-0.950374102552106,-625.718999023641
"57",0.171666666666667,0.255,3.755,5,0.333333333333333,0,0,0,0,NA
"58",0.333333333333333,0.255,3.755,5,0.333333333333333,0,0,0,0,NA
"59",0.495,0.255,3.755,5,0.333333333333333,0,0,0,0,NA
"60",0.656666666666667,0.255,3.755,5,0.333333333333333,-0.0287043980385973,0.193753932707245,-0.101053305532498,0.0436445094553038,-0.811443983906239
"61",0.01,0.5,3.755,5,0.333333333333333,-0.892223767424543,0.0177591976624727,-0.898855160815611,-0.885592374033476,-275.176330062099
"62",0.171666666666667,0.5,3.755,5,0.333333333333333,0.00345534106912905,0.01892568247436,-0.00361162490913219,0.0105223070473903,1
"63",0.333333333333333,0.5,3.755,5,0.333333333333333,0,0,0,0,NA
"64",0.495,0.5,3.755,5,0.333333333333333,0.0245943578121903,0.0978866609715692,-0.0119571221013533,0.0611458377257338,1.3761716282265
"65",0.656666666666667,0.5,3.755,5,0.333333333333333,-0.0785515276847727,0.275792130267929,-0.181534001596407,0.0244309462268612,-1.56003159327439
"66",0.01,0.745,3.755,5,0.333333333333333,-0.87759905568659,0.0277104609500728,-0.887946311857743,-0.867251799515437,-173.465464941504
"67",0.171666666666667,0.745,3.755,5,0.333333333333333,0.00130424153585623,0.0867626027022658,-0.0310934467542747,0.0337019298259872,0.0823353020050633
"68",0.333333333333333,0.745,3.755,5,0.333333333333333,0.00819160990159012,0.0839248238379469,-0.0231464343458417,0.039529654149022,0.534612921445882
"69",0.495,0.745,3.755,5,0.333333333333333,-0.105253898297313,0.241768567661181,-0.195531765137214,-0.0149760314574126,-2.38450907495903
"70",0.656666666666667,0.745,3.755,5,0.333333333333333,-0.0192440219028077,0.0762066754565816,-0.0477000621802281,0.00921201837461279,-1.3831314422444
"71",0.01,0.99,3.755,5,0.333333333333333,-0.870884441735933,0.0380914218765584,-0.885108012422482,-0.856660871049385,-125.225846193107
"72",0.171666666666667,0.99,3.755,5,0.333333333333333,-0.0177817638849931,0.15920502118509,-0.077229895798209,0.0416663680282227,-0.611756659403252
"73",0.333333333333333,0.99,3.755,5,0.333333333333333,-0.0455759856251733,0.131063127913201,-0.0945157618906743,0.00336379064032767,-1.90465432993259
"74",0.495,0.99,3.755,5,0.333333333333333,-0.0769684144107827,0.250175603448351,-0.170385520005558,0.0164486911839923,-1.68510982714167
"75",0.656666666666667,0.99,3.755,5,0.333333333333333,-0.0557805011137233,0.15536232308415,-0.11379374597434,0.00223274374689301,-1.96651531223436
"76",0.01,0.01,5.6275,5,0.333333333333333,-0.550413814020165,0.000827609170926296,-0.550722848363426,-0.550104779676904,-3642.71050263828
"77",0.171666666666667,0.01,5.6275,5,0.333333333333333,0.0384006073424209,0.0807897981757094,0.00823320091616267,0.0685680137686791,2.60340777403579
"78",0.333333333333333,0.01,5.6275,5,0.333333333333333,0.0139000077941261,0.0426128450916612,-0.0020118900678225,0.0298119056560746,1.78663212981062
"79",0.495,0.01,5.6275,5,0.333333333333333,0.00749485140498136,0.0350915398229115,-0.00560854491318504,0.0205982477231478,1.16982588976541
"80",0.656666666666667,0.01,5.6275,5,0.333333333333333,-0.141045893044079,0.201720397483819,-0.21636952737382,-0.0657222587143374,-3.82975733873912
"81",0.01,0.255,5.6275,5,0.333333333333333,-0.919649664249154,0.0131355631804737,-0.924554564150516,-0.914744764347791,-383.472607295661
"82",0.171666666666667,0.255,5.6275,5,0.333333333333333,0,0,0,0,NA
"83",0.333333333333333,0.255,5.6275,5,0.333333333333333,0,0,0,0,NA
"84",0.495,0.255,5.6275,5,0.333333333333333,0,0,0,0,NA
"85",0.656666666666667,0.255,5.6275,5,0.333333333333333,-0.0181597846401613,0.199061177043824,-0.0924904497386157,0.0561708804582932,-0.499671700658256
"86",0.01,0.5,5.6275,5,0.333333333333333,-0.880969178070562,0.0294453471156836,-0.89196425138253,-0.869974104758593,-163.871965713395
"87",0.171666666666667,0.5,5.6275,5,0.333333333333333,0,0,0,0,NA
"88",0.333333333333333,0.5,5.6275,5,0.333333333333333,0,0,0,0,NA
"89",0.495,0.5,5.6275,5,0.333333333333333,0.00571003444167325,0.0312751466783585,-0.00596829725603554,0.017388366139382,1
"90",0.656666666666667,0.5,5.6275,5,0.333333333333333,-0.0471194810004366,0.147858865560485,-0.102330888774813,0.00809192677393957,-1.74547549408308
"91",0.01,0.745,5.6275,5,0.333333333333333,-0.871700818195046,0.0458857774389044,-0.888834849080649,-0.854566787309442,-104.05189323791
"92",0.171666666666667,0.745,5.6275,5,0.333333333333333,0.0243255714351456,0.0789265331339635,-0.0051460803901179,0.0537972232604091,1.68810964705849
"93",0.333333333333333,0.745,5.6275,5,0.333333333333333,0.00571971653493879,0.0313281776872126,-0.00597841726691458,0.0174178503367922,1
"94",0.495,0.745,5.6275,5,0.333333333333333,0.00477606019046262,0.0378100091473912,-0.00934242925605315,0.0188945496369784,0.691868624554218
"95",0.656666666666667,0.745,5.6275,5,0.333333333333333,-0.0184572119172652,0.0957430594892502,-0.0542082578825471,0.0172938340480167,-1.05589181812958
"96",0.01,0.99,5.6275,5,0.333333333333333,-0.865384638193558,0.0628489202906005,-0.888852810718689,-0.841916465668427,-75.4174749646331
"97",0.171666666666667,0.99,5.6275,5,0.333333333333333,-0.0240152942812714,0.0657426367474564,-0.0485639982894302,0.000533409726887435,-2.00078960226463
"98",0.333333333333333,0.99,5.6275,5,0.333333333333333,0.0701604881716089,0.157241244131807,0.0114456426613135,0.128875333681904,2.44391872052042
"99",0.495,0.99,5.6275,5,0.333333333333333,-0.00646376797809217,0.087046022305447,-0.0389672868873285,0.0260397509311442,-0.406721804662991
"100",0.656666666666667,0.99,5.6275,5,0.333333333333333,-0.0326121328581686,0.145105852637673,-0.0867955487125924,0.0215712829962551,-1.23099106549317
"101",0.01,0.01,7.5,5,0.333333333333333,-0.583213033675005,0.000701256814723033,-0.583474887273066,-0.582951180076944,-4555.23465395463
"102",0.171666666666667,0.01,7.5,5,0.333333333333333,0.00508345795312326,0.075203712846611,-0.0229980699307952,0.0331649858370418,0.370237649932749
"103",0.333333333333333,0.01,7.5,5,0.333333333333333,0.0570209633112935,0.109742359128322,0.0160424929504667,0.0979994336721204,2.84590818935745
"104",0.495,0.01,7.5,5,0.333333333333333,0.0121349000042891,0.0840465240341235,-0.0192485878432398,0.0435183878518179,0.790818959118417
"105",0.656666666666667,0.01,7.5,5,0.333333333333333,-0.181298841714569,0.26142448081086,-0.278916347148144,-0.0836813362809933,-3.7984761392133
"106",0.01,0.255,7.5,5,0.333333333333333,-0.906465626225383,0.0190850336873529,-0.913592094924476,-0.899339157526291,-260.147128488277
"107",0.171666666666667,0.255,7.5,5,0.333333333333333,0,0,0,0,NA
"108",0.333333333333333,0.255,7.5,5,0.333333333333333,0,0,0,0,NA
"109",0.495,0.255,7.5,5,0.333333333333333,0,0,0,0,NA
"110",0.656666666666667,0.255,7.5,5,0.333333333333333,0.0168225611122636,0.0821339971025947,-0.0138467774423173,0.0474918996668444,1.12183706153817
"111",0.01,0.5,7.5,5,0.333333333333333,-0.876357114736527,0.0437584104545723,-0.892696773735044,-0.860017455738009,-109.693326422277
"112",0.171666666666667,0.5,7.5,5,0.333333333333333,0,0,0,0,NA
"113",0.333333333333333,0.5,7.5,5,0.333333333333333,0,0,0,0,NA
"114",0.495,0.5,7.5,5,0.333333333333333,0.00542648997334238,0.0297221096647523,-0.00567192817287336,0.0165249081195581,1
"115",0.656666666666667,0.5,7.5,5,0.333333333333333,-0.0409754025696086,0.277024269436125,-0.144417964807987,0.0624671596687697,-0.81015112271254
"116",0.01,0.745,7.5,5,0.333333333333333,-0.867822277191504,0.0681546773900952,-0.893271651977734,-0.842372902405273,-69.742218043624
"117",0.171666666666667,0.745,7.5,5,0.333333333333333,0.0122001560576456,0.066823006778558,-0.0127519647500961,0.0371522768653873,1
"118",0.333333333333333,0.745,7.5,5,0.333333333333333,0,0,0,0,NA
"119",0.495,0.745,7.5,5,0.333333333333333,0.0143354435249154,0.0550459793817578,-0.00621906298009284,0.0348899500299236,1.42641585791089
"120",0.656666666666667,0.745,7.5,5,0.333333333333333,-0.0121239418834532,0.0664055645544899,-0.0369201872029859,0.0126723034360795,-1
"121",0.01,0.99,7.5,5,0.333333333333333,-0.862514813643723,0.0933919691785603,-0.897387948058921,-0.827641679228525,-50.5845228203501
"122",0.171666666666667,0.99,7.5,5,0.333333333333333,0.00113810214544401,0.00623364217804709,-0.0011895780981929,0.00346578238908092,1
"123",0.333333333333333,0.99,7.5,5,0.333333333333333,-0.0414856141413088,0.289810507489778,-0.149702636134971,0.0667314078523536,-0.784050477464196
"124",0.495,0.99,7.5,5,0.333333333333333,-0.00586090155863242,0.0781863152162566,-0.0350561514708858,0.023334348353621,-0.41057670797008
"125",0.656666666666667,0.99,7.5,5,0.333333333333333,-0.068150301346543,0.251736814569241,-0.162150372754633,0.0258497700615472,-1.48279692075032
