"","lambda","mu","phi","a0","m","s","l_conf","u_conf","t_stat"
"1",0.01,0.01,5,0.5,0.00187564387842876,7.68202056803673e-10,0.00187564387842876,0.00187564387842876,NA
"2",0.255,0.01,5,0.5,0.06729456406974,6.19417410486113e-06,0.0672901330245173,0.0672989951149627,34355.5239174665
"3",0.5,0.01,5,0.5,0.02303913472723,1.40757361053172e-06,0.023038127809727,0.023040141644733,51760.0930511954
"4",0.745,0.01,5,0.5,0.0100630610151578,5.08028582745324e-07,0.0100630610151578,0.0100630610151578,NA
"5",0.99,0.01,5,0.5,0.00590605292652886,5.28439038780031e-07,0.00590605292652886,0.00590605292652886,NA
"6",0.01,0.255,5,0.5,0.0863911357729051,1.29065840827695e-07,0.0863911357729051,0.0863911357729051,NA
"7",0.255,0.255,5,0.5,0.147286079383474,5.51024609029898e-05,0.147246661457531,0.147325497309417,8452.60757605972
"8",0.5,0.255,5,0.5,0.0976844520945644,9.43783860589639e-05,0.0976169378643227,0.097751966324806,3273.05195080828
"9",0.745,0.255,5,0.5,0.0848373957013936,0.000162906379577169,0.0847208594977364,0.0849539319050508,1646.8317684655
"10",0.99,0.255,5,0.5,0.0804959489588771,0.000362642770047326,0.0802365299489234,0.0807553679688308,701.931934541234
"11",0.01,0.5,5,0.5,0.035398331544917,7.09852235363611e-07,0.035398331544917,0.035398331544917,NA
"12",0.255,0.5,5,0.5,0.0806479879053793,0.000109992233294608,0.0805693042016889,0.0807266716090698,2318.630350996
"13",0.5,0.5,5,0.5,0.130142624146539,0.00023796999209625,0.129972390669279,0.130312857623799,1729.40760029876
"14",0.745,0.5,5,0.5,0.151662856562898,0.000656440807726898,0.151193267097729,0.152132446028066,730.606716616105
"15",0.99,0.5,5,0.5,0.158347457963557,0.00171737885335924,0.157118919140639,0.159575996786476,291.571442074735
"16",0.01,0.745,5,0.5,0,0,0,0,NA
"17",0.255,0.745,5,0.5,0.0423321490755195,9.82759152531877e-05,0.0422618467208525,0.0424024514301865,1362.14462092319
"18",0.5,0.745,5,0.5,0.123252550670409,0.000465088747204199,0.122919846223207,0.12358525511761,838.030999216326
"19",0.745,0.745,5,0.5,0.206994278797504,0.00129912951209977,0.206064937529273,0.207923620065734,503.855372022169
"20",0.99,0.745,5,0.5,0.245592426353648,0.00397442395705441,0.242749294728714,0.248435557978582,195.407297197423
"21",0.01,0.99,5,0.5,0,0,0,0,NA
"22",0.255,0.99,5,0.5,0.0225284386305565,4.24272279626837e-05,0.0224980880200322,0.0225587892410808,1679.13817661013
"23",0.5,0.99,5,0.5,0.104862724059891,0.000791694978193718,0.104296379589818,0.105429068529965,418.854557389723
"24",0.745,0.99,5,0.5,0.244171317426544,0.00255030367809031,0.2423469400781,0.245995694774988,302.762964656046
"25",0.99,0.99,5,0.5,0.36054299619844,0.0065716724751808,0.355841904909542,0.365244087487338,173.492678875043
