"","lambda","mu","rho","p","phi","m","s","l_conf","u_conf","t_stat"
"1",0.01,0.01,0.01,1,5,1.86872330653065e-05,4.99611518478827e-12,1.86872330653065e-05,1.86872330653065e-05,NA
"2",0.255,0.01,0.01,1,5,0.00135061306727069,1.16466292200453e-07,0.00135061306727069,0.00135061306727069,NA
"3",0.5,0.01,0.01,1,5,0.000574773886222313,7.13766636066354e-08,0.000574773886222313,0.000574773886222313,NA
"4",0.745,0.01,0.01,1,5,0.000236605174851445,2.68564265505384e-08,0.000236605174851445,0.000236605174851445,NA
"5",0.99,0.01,0.01,1,5,0.00012278903830012,2.75977143788063e-08,0.00012278903830012,0.00012278903830012,NA
"6",0.01,0.255,0.01,1,5,0.000476832768590141,1.72002894886774e-10,0.000476832768590141,0.000476832768590141,NA
"7",0.255,0.255,0.01,1,5,0.0332242184076858,2.77110970786189e-06,0.0332222360752191,0.0332262007401525,37914.1263693397
"8",0.5,0.255,0.01,1,5,0.0139770294319474,1.59121475154524e-06,0.013975891145486,0.0139781677184088,27777.0476205307
"9",0.745,0.255,0.01,1,5,0.00579226817341949,6.8813007359644e-07,0.00579226817341949,0.00579226817341949,NA
"10",0.99,0.255,0.01,1,5,0.00303121264250532,7.4153239908726e-07,0.00303121264250532,0.00303121264250532,NA
"11",0.01,0.5,0.01,1,5,0.000935593906953858,8.13384108369911e-10,0.000935593906953858,0.000935593906953858,NA
"12",0.255,0.5,0.01,1,5,0.0630578477176972,5.0954291510318e-06,0.0630542026672651,0.0630614927681293,39134.3726358347
"13",0.5,0.5,0.01,1,5,0.0263085700193891,2.85448875376826e-06,0.0263065280411461,0.0263106119976322,29145.3252823164
"14",0.745,0.5,0.01,1,5,0.0109702921478004,1.44630432111381e-06,0.0109692575240161,0.0109713267715846,23986.037570429
"15",0.99,0.5,0.01,1,5,0.00578067742591404,1.59238840488892e-06,0.00577953829987161,0.00578181655195646,11479.6785937931
"16",0.01,0.745,0.01,1,5,0.00139500490686262,1.95493934184672e-09,0.00139500490686262,0.00139500490686262,NA
"17",0.255,0.745,0.01,1,5,0.0912091268162332,7.17474343476327e-06,0.0912039943139686,0.0912142593184979,40200.5433026269
"18",0.5,0.745,0.01,1,5,0.037834646818012,4.08678138515756e-06,0.0378317233107249,0.0378375703252991,29275.7667066518
"19",0.745,0.745,0.01,1,5,0.0158683924299486,2.38426932422419e-06,0.0158666868264218,0.0158700980334754,21046.3903444882
"20",0.99,0.745,0.01,1,5,0.00840988871275852,2.52282182294646e-06,0.00840808399474494,0.0084116934307721,10541.5305032514
"21",0.01,0.99,0.01,1,5,0.00185510036896055,3.60214959782853e-09,0.00185510036896055,0.00185510036896055,NA
"22",0.255,0.99,0.01,1,5,0.117955008046637,9.10425661281913e-06,0.117948495253795,0.117961520839479,40970.5594551954
"23",0.5,0.99,0.01,1,5,0.0487453443915546,5.46866902948849e-06,0.0487414323413979,0.0487492564417113,28187.1718283608
"24",0.745,0.99,0.01,1,5,0.020557685171647,3.55293288970806e-06,0.0205551435565679,0.0205602267867261,18297.3083312068
"25",0.99,0.99,0.01,1,5,0.0109480742556633,3.50342588779387e-06,0.0109455680557599,0.0109505804555667,9881.9988632183
"26",0.01,0.01,1.8825,1,5,0.00470949786941663,3.84014046811406e-08,0.00470949786941663,0.00470949786941663,NA
"27",0.255,0.01,1.8825,1,5,0.472135268724864,0.000799067778802253,0.471563650070959,0.472706887378769,1868.45578369355
"28",0.5,0.01,1.8825,1,5,0.405877098510284,0.00319581572668973,0.403590949659987,0.408163247360581,401.617674847133
"29",0.745,0.01,1.8825,1,5,0.232310952248037,0.0340915382233368,0.20792333494481,0.256698569551264,21.5487998720905
"30",0.99,0.01,1.8825,1,5,0.103082333689108,0.0210646347569821,0.0880136017439507,0.118151065634264,15.4749875677308
"31",0.01,0.255,1.8825,1,5,0.0869137505017606,2.20203822705234e-06,0.0869121752585077,0.0869153257450136,124814.096411521
"32",0.255,0.255,1.8825,1,5,0.925380734188287,8.33109954917622e-06,0.92537477447869,0.925386693897883,351251.453136601
"33",0.5,0.255,1.8825,1,5,0.978841741674194,1.99963900288559e-05,0.978827437118492,0.978856046229896,154796.409155343
"34",0.745,0.255,1.8825,1,5,0.985895922212,4.58379834951059e-05,0.985863131693951,0.985928712730049,68015.1353166525
"35",0.99,0.255,1.8825,1,5,0.871029663618284,0.100163496569888,0.799377014620845,0.942682312615722,27.4994158643632
"36",0.01,0.5,1.8825,1,5,0.0889324954550227,7.42836003484299e-07,0.0889324954550227,0.0889324954550227,NA
"37",0.255,0.5,1.8825,1,5,0.92778512375768,5.44373195158896e-06,0.927781229546434,0.927789017968925,538952.725150085
"38",0.5,0.5,1.8825,1,5,0.979426270366992,6.65625201604637e-06,0.979421508771144,0.97943103196284,465309.577686819
"39",0.745,0.5,1.8825,1,5,0.986119922099829,2.52323542332098e-06,0.986118117085944,0.986121727113715,1235867.6368767
"40",0.99,0.5,1.8825,1,5,0.98554949653125,0.00515314150212248,0.981863161170263,0.989235831892238,604.792465836094
"41",0.01,0.745,1.8825,1,5,0.0899610313416018,9.58377137030349e-07,0.0899610313416018,0.0899610313416018,NA
"42",0.255,0.745,1.8825,1,5,0.929129087484363,6.64956887298452e-06,0.929124330669348,0.929133844299378,441857.842649233
"43",0.5,0.745,1.8825,1,5,0.979737865871984,6.59494462382411e-06,0.979733148132803,0.979742583611165,469784.561173694
"44",0.745,0.745,1.8825,1,5,0.98619511686799,2.41028169686826e-06,0.986193392656333,0.986196841079647,1293883.11361734
"45",0.99,0.745,1.8825,1,5,0.987165266908728,2.48304127815109e-06,0.987163490648002,0.987167043169454,1257204.50075002
"46",0.01,0.99,1.8825,1,5,0.0906620882971217,9.37723852071053e-07,0.0906620882971217,0.0906620882971217,NA
"47",0.255,0.99,1.8825,1,5,0.930029138375397,9.81653733154634e-06,0.930022116047624,0.93003616070317,299597.533046501
"48",0.5,0.99,1.8825,1,5,0.979953919853721,6.01344714458158e-06,0.979949618092777,0.979958221614664,515326.120649469
"49",0.745,0.99,1.8825,1,5,0.986249738228407,4.39464997604187e-06,0.986246594485197,0.986252881971616,709680.072713234
"50",0.99,0.99,1.8825,1,5,0.987157136541296,5.13466474745173e-06,0.987153463423409,0.987160809659183,607958.866547143
"51",0.01,0.01,3.755,1,5,0.0120585209593805,1.9195922313321e-06,0.0120571477658211,0.0120598941529398,19864.8394289755
"52",0.255,0.01,3.755,1,5,0.5979663041876,0.000164135636292827,0.597848888626662,0.598083719748538,11520.5663314477
"53",0.5,0.01,3.755,1,5,0.561031036065622,0.00437034898038437,0.557904676741002,0.564157395390241,405.948339588982
"54",0.745,0.01,3.755,1,5,0.391566530096775,0.0194740880990262,0.377635606687655,0.405497453505894,63.5840859042124
"55",0.99,0.01,3.755,1,5,0.245165438184356,0.0330129738384583,0.221549379362386,0.268781497006326,23.4841366309333
"56",0.01,0.255,3.755,1,5,0.0889362886438159,1.05031294660169e-06,0.0889355372951961,0.0889370399924357,267768.991772013
"57",0.255,0.255,3.755,1,5,0.927683218474917,5.63586375932145e-06,0.927679186820855,0.927687250128978,520522.149358971
"58",0.5,0.255,3.755,1,5,0.979341510136479,6.27809876280671e-05,0.979296599323415,0.979386420949542,49329.4211541778
"59",0.745,0.255,3.755,1,5,0.947210074598632,0.0626631809324034,0.902383535368548,0.992036613828716,47.8006576401036
"60",0.99,0.255,3.755,1,5,0.652305822839207,0.324746089996415,0.419996464673301,0.884615181005113,6.35195371000449
"61",0.01,0.5,3.755,1,5,0.0906793807822282,1.15442628732433e-06,0.0906785549554111,0.0906802066090453,248394.70759988
"62",0.255,0.5,3.755,1,5,0.929877820314024,7.33018208920682e-06,0.929872576617645,0.929883064010404,401153.998915638
"63",0.5,0.5,3.755,1,5,0.979863911563359,3.32274429037092e-06,0.979861534615284,0.979866288511434,932542.948466287
"64",0.745,0.5,3.755,1,5,0.986214887319045,4.48181845310475e-06,0.986211681219264,0.986218093418827,695852.663138116
"65",0.99,0.5,3.755,1,5,0.987168031236661,2.94872685461873e-06,0.987165921844542,0.98717014062878,1058660.08142546
"66",0.01,0.745,3.755,1,5,0.0915926268341635,7.78624234195569e-07,0.0915926268341635,0.0915926268341635,NA
"67",0.255,0.745,3.755,1,5,0.931037246696285,1.03894764803358e-05,0.931029814512535,0.931044678880034,283382.737482955
"68",0.5,0.745,3.755,1,5,0.980140688980986,3.10064189245131e-06,0.980138470915395,0.980142907046576,999624.307512733
"69",0.745,0.745,3.755,1,5,0.986275299536757,3.23158527919053e-06,0.986272987799911,0.986277611273604,965122.711315915
"70",0.99,0.745,3.755,1,5,0.987145849191699,4.42594384919163e-06,0.987142683062201,0.987149015321197,705302.501024047
"71",0.01,0.99,3.755,1,5,0.0921907191984707,1.20306301181306e-06,0.0921898585790368,0.0921915798179045,242325.338684321
"72",0.255,0.99,3.755,1,5,0.931800486931525,1.23110628352946e-05,0.931791680127706,0.931809293735344,239346.667544409
"73",0.5,0.99,3.755,1,5,0.980322372817133,2.77251512399868e-06,0.980320389479292,0.980324356154974,1118136.92646401
"74",0.745,0.99,3.755,1,5,0.986316487744186,4.05624927617754e-06,0.986313586078254,0.986319389410119,768938.588998263
"75",0.99,0.99,3.755,1,5,0.987129260922417,4.73821048553551e-06,0.987125871410824,0.98713265043401,658809.23167994
"76",0.01,0.01,5.6275,1,5,0.0167660765972999,6.27037470674682e-07,0.0167660765972999,0.0167660765972999,NA
"77",0.255,0.01,5.6275,1,5,0.688833744507748,0.00198508968761309,0.687413696890743,0.690253792124754,1097.32249148208
"78",0.5,0.01,5.6275,1,5,0.574358044293337,6.12545998986266e-05,0.574314225392277,0.574401863194397,29651.3178669467
"79",0.745,0.01,5.6275,1,5,0.427930520157147,0.000213716254516315,0.427777636758561,0.428083403555734,6331.92420043033
"80",0.99,0.01,5.6275,1,5,0.30624478635614,0.0005679723798223,0.305838483391833,0.306651089320446,1705.0671491104
"81",0.01,0.255,5.6275,1,5,0.0900022280664581,9.56471323131601e-07,0.0900022280664581,0.0900022280664581,NA
"82",0.255,0.255,5.6275,1,5,0.928975431834379,4.88782561251624e-06,0.928971935294572,0.928978928374186,601019.448691586
"83",0.5,0.255,5.6275,1,5,0.979722167544633,0.000160378157166747,0.979607439922337,0.979836895166929,19317.8022389729
"84",0.745,0.255,5.6275,1,5,0.82868890557352,0.133410681416677,0.733252653291848,0.924125157855192,19.6426881678227
"85",0.99,0.255,5.6275,1,5,0.386333980344662,0.302690572204922,0.169802189145659,0.602865771543665,4.03611948171536
"86",0.01,0.5,5.6275,1,5,0.091604570740888,1.16759006172925e-06,0.091603735497274,0.0916054059845021,248099.994268705
"87",0.255,0.5,5.6275,1,5,0.930989712877395,6.15967188431331e-06,0.930985306513574,0.930994119241216,477955.323947741
"88",0.5,0.5,5.6275,1,5,0.980098131328606,2.38858430037104e-06,0.980096422638331,0.980099840018881,1297564.59715145
"89",0.745,0.5,5.6275,1,5,0.986277516559161,1.4614844408181e-05,0.986267061729284,0.986287971389038,213405.170129318
"90",0.99,0.5,5.6275,1,5,0.946471152134739,0.128651963206822,0.854439081788055,1.03850322248142,23.2643521776496
"91",0.01,0.745,5.6275,1,5,0.0924270958705937,9.68466877785707e-07,0.0924270958705937,0.0924270958705937,NA
"92",0.255,0.745,5.6275,1,5,0.932031656792022,8.4825428779205e-06,0.932025588746394,0.93203772483765,347459.827702713
"93",0.5,0.745,5.6275,1,5,0.980349956342522,2.0090775277547e-06,0.980348519135038,0.980351393550006,1543065.77185881
"94",0.745,0.745,5.6275,1,5,0.986314668546223,4.33285438663456e-06,0.986311569008915,0.986317768083531,719848.987277578
"95",0.99,0.745,5.6275,1,5,0.987127841526825,4.7930473718811e-06,0.987124412787287,0.987131270266363,651270.909464308
"96",0.01,0.99,5.6275,1,5,0.0929585947068391,1.30958684470002e-06,0.0929576578848458,0.0929595315288325,224468.418075335
"97",0.255,0.99,5.6275,1,5,0.932706845682857,9.60820489918214e-06,0.932699972387129,0.932713718978586,306974.92950427
"98",0.5,0.99,5.6275,1,5,0.980510815230535,1.50315907131108e-06,0.980509739935313,0.980511890525758,2062754.03963239
"99",0.745,0.99,5.6275,1,5,0.986347836266914,4.66340040645703e-06,0.986344500271228,0.9863511722626,668847.934109092
"100",0.99,0.99,5.6275,1,5,0.987108427565356,3.94814567306283e-06,0.987105603232083,0.987111251898629,790627.091080026
"101",0.01,0.01,7.5,1,5,0.0203469607869134,8.18764997073103e-06,0.0203411036949632,0.0203528178788636,7858.5112674319
"102",0.255,0.01,7.5,1,5,0.696141452743416,8.00102507375058e-05,0.696084216858002,0.696198688628829,27513.8815843723
"103",0.5,0.01,7.5,1,5,0.590981659559409,0.00378526526803843,0.588273843908987,0.593689475209831,493.716547522814
"104",0.745,0.01,7.5,1,5,0.436211278144337,0.00574232146423467,0.432103468828593,0.440319087460081,240.22012501057
"105",0.99,0.01,7.5,1,5,0.299997481082493,0.0163168158844497,0.2883251341561,0.311669828008886,58.1409595629538
"106",0.01,0.255,7.5,1,5,0.0907103060553446,1.45947889581178e-06,0.0907092620070374,0.0907113501036518,196543.5575732
"107",0.255,0.255,7.5,1,5,0.929828512312839,3.59058233052463e-06,0.929825943764972,0.929831080860705,818913.385518961
"108",0.5,0.255,7.5,1,5,0.97984746617241,0.000113226561342942,0.979766468769814,0.979928463575006,27365.9264743074
"109",0.745,0.255,7.5,1,5,0.897098938853856,0.160406148871732,0.782351292498304,1.01184658520941,17.6855809658943
"110",0.99,0.255,7.5,1,5,0.443540215085197,0.330347645847687,0.207223745256903,0.679856684913491,4.24582203378828
"111",0.01,0.5,7.5,1,5,0.0922039126454171,1.09179096413895e-06,0.092203131625211,0.0922046936656232,267060.621232263
"112",0.255,0.5,7.5,1,5,0.931709588342991,5.13457352623798e-06,0.93170591529036,0.931713261395622,573820.669219328
"113",0.5,0.5,7.5,1,5,0.980252324141939,2.42688684712572e-06,0.980250588051673,0.980254060232206,1277286.59028066
"114",0.745,0.5,7.5,1,5,0.986313667673855,1.60634547539806e-05,0.986302176570563,0.986325158777147,194167.302424833
"115",0.99,0.5,7.5,1,5,0.987138151147947,4.00231910237046e-06,0.987135288061338,0.987141014234557,779949.035304615
"116",0.01,0.745,7.5,1,5,0.0929625830234636,2.10237120952598e-06,0.0929610790777,0.0929640869692273,139829.492619873
"117",0.255,0.745,7.5,1,5,0.932669220930791,6.89187087882971e-06,0.932664290783363,0.932674151078219,427947.518682606
"118",0.5,0.745,7.5,1,5,0.980485641728958,1.90809665317113e-06,0.98048427675884,0.980487006699076,1624953.2411277
"119",0.745,0.745,7.5,1,5,0.986338480654711,5.68190955006234e-06,0.986334416061476,0.986342545247947,548948.573583786
"120",0.99,0.745,7.5,1,5,0.987111533292326,7.37260642235783e-06,0.987106259247407,0.987116807337246,423394.464725351
"121",0.01,0.99,7.5,1,5,0.0934487859553686,1.97269727597904e-06,0.0934473747727489,0.0934501971379884,149800.484744857
"122",0.255,0.99,7.5,1,5,0.933286448309661,7.66409037790962e-06,0.933280965749682,0.933291930869641,385082.99622016
"123",0.5,0.99,7.5,1,5,0.980632931947168,1.61336774930394e-06,0.980631777813407,0.98063408608093,1922087.27046877
"124",0.745,0.99,7.5,1,5,0.986366273819821,5.77156313738285e-06,0.986362145092273,0.98637040254737,540436.612785345
"125",0.99,0.99,7.5,1,5,0.98709087494715,3.44715139608785e-06,0.987088409003593,0.987093340890707,905517.357300857
"126",0.01,0.01,0.01,3.25,5,0.000135357121612145,3.52589757165357e-10,0.000135357121612145,0.000135357121612145,NA
"127",0.255,0.01,0.01,3.25,5,0.000205879825964628,1.91496144639497e-08,0.000205879825964628,0.000205879825964628,NA
"128",0.5,0.01,0.01,3.25,5,5.33087522339271e-05,1.40994855167661e-08,5.33087522339271e-05,5.33087522339271e-05,NA
"129",0.745,0.01,0.01,3.25,5,3.38468057935915e-05,2.82984171353691e-08,3.38468057935915e-05,3.38468057935915e-05,NA
"130",0.99,0.01,0.01,3.25,5,2.56401297969999e-05,6.90745512767467e-08,2.56401297969999e-05,2.56401297969999e-05,NA
"131",0.01,0.255,0.01,3.25,5,0.00333973764138913,1.94638858954358e-08,0.00333973764138913,0.00333973764138913,NA
"132",0.255,0.255,0.01,3.25,5,0.00493985464377487,5.99607573766377e-07,0.00493985464377487,0.00493985464377487,NA
"133",0.5,0.255,0.01,3.25,5,0.00131942626064936,3.10605315454615e-07,0.00131942626064936,0.00131942626064936,NA
"134",0.745,0.255,0.01,3.25,5,0.000851592361813491,8.75656353850616e-07,0.000851592361813491,0.000851592361813491,NA
"135",0.99,0.255,0.01,3.25,5,0.000658092163075663,2.39077237909423e-06,0.000656381907543674,0.000659802418607652,870.459339343082
"136",0.01,0.5,0.01,3.25,5,0.00633605558265775,5.73408196434165e-08,0.00633605558265775,0.00633605558265775,NA
"137",0.255,0.5,0.01,3.25,5,0.00918808192925131,1.46003877304263e-06,0.00918703748043203,0.00918912637807059,19900.3387862905
"138",0.5,0.5,0.01,3.25,5,0.00251782957826536,8.8519988299552e-07,0.00251782957826536,0.00251782957826536,NA
"139",0.745,0.5,0.01,3.25,5,0.00164956938443306,3.04173913173845e-06,0.00164739345533901,0.00165174531352711,1714.93878579556
"140",0.99,0.5,0.01,3.25,5,0.00129967766279881,7.49086203534711e-06,0.00129431902291016,0.00130503630268747,548.660704081183
"141",0.01,0.745,0.01,3.25,5,0.00913508064276463,1.10309111683905e-07,0.00913508064276463,0.00913508064276463,NA
"142",0.255,0.745,0.01,3.25,5,0.0130677031129519,2.61098654670111e-06,0.0130658353256944,0.0130695709002095,15826.8550544666
"143",0.5,0.745,0.01,3.25,5,0.00365948336231665,1.87276964787113e-06,0.00365814366361575,0.00366082306101755,6179.24500088232
"144",0.745,0.745,0.01,3.25,5,0.0024308202559119,6.75301871924667e-06,0.00242598943733494,0.00243565107448887,1138.29517001731
"145",0.99,0.745,0.01,3.25,5,0.00195168343661767,1.57586404109717e-05,0.00194041038437097,0.00196295648886437,391.643236369536
"146",0.01,0.99,0.01,3.25,5,0.0117480649005658,1.75257137112216e-07,0.0117480649005658,0.0117480649005658,NA
"147",0.255,0.99,0.01,3.25,5,0.0166570949816165,4.03771967209118e-06,0.0166542065709647,0.0166599833922683,13045.5711692308
"148",0.5,0.99,0.01,3.25,5,0.00475299393298345,3.23939091967951e-06,0.00475067661231792,0.00475531125364898,4639.8495599526
"149",0.745,0.99,0.01,3.25,5,0.00319796708132696,1.19824276463879e-05,0.00318939536895982,0.00320653879369409,843.974206035171
"150",0.99,0.99,0.01,3.25,5,0.00261530887093382,2.71052961883146e-05,0.00259591891011713,0.00263469883175051,305.118702984682
"151",0.01,0.01,1.8825,3.25,5,0.0090653823172582,3.28439932097956e-07,0.0090653823172582,0.0090653823172582,NA
"152",0.255,0.01,1.8825,3.25,5,0.0104786327791574,0.000224450731279883,0.0103180703984862,0.0106391951598287,147.633051394775
"153",0.5,0.01,1.8825,3.25,5,0.00529846585080189,0.00019236095669873,0.00516085911198833,0.00543607258961545,87.1030196600519
"154",0.745,0.01,1.8825,3.25,5,0.00572955121497762,0.000220033459119988,0.00557214876045153,0.00588695366950372,82.3439847847597
"155",0.99,0.01,1.8825,3.25,5,0.001576636565609,0.000611850963727434,0.00113894475328178,0.00201432837793623,8.14865528568652
"156",0.01,0.255,1.8825,3.25,5,0.0502119179793189,3.04470633284621e-05,0.0501901374623004,0.0502336984963375,5215.08510647643
"157",0.255,0.255,1.8825,3.25,5,0.112712590418522,0.0177184582201132,0.100037568967611,0.125387611869432,20.1162258178647
"158",0.5,0.255,1.8825,3.25,5,0.373908390490992,0.244544576753898,0.198971738692418,0.548845042289567,4.83511908501292
"159",0.745,0.255,1.8825,3.25,5,0.586111529647318,0.283375065686917,0.383397219428291,0.788825839866345,6.5406156751229
"160",0.99,0.255,1.8825,3.25,5,0.611375082692769,0.294565264853469,0.400655786220762,0.822094379164776,6.56335962403671
"161",0.01,0.5,1.8825,3.25,5,0.0509804643138335,8.14037906118418e-05,0.0509222315500471,0.0510386970776199,1980.4284566227
"162",0.255,0.5,1.8825,3.25,5,0.130108086292445,0.0253883944643516,0.111946322980864,0.148269849604027,16.205746892249
"163",0.5,0.5,1.8825,3.25,5,0.452891340703879,0.268363894208832,0.26091537566841,0.644867305739347,5.33666487965448
"164",0.745,0.5,1.8825,3.25,5,0.631966127547877,0.25197940566264,0.451710919544724,0.81222133555103,7.9310146869835
"165",0.99,0.5,1.8825,3.25,5,0.643494456162347,0.272618714768654,0.448474775855743,0.83851413646895,7.46430099228964
"166",0.01,0.745,1.8825,3.25,5,0.0509689429970676,0.000158562476515449,0.0508555142344644,0.0510823717596707,1016.49490689128
"167",0.255,0.745,1.8825,3.25,5,0.135453108665296,0.027317626535683,0.115911255868268,0.154994961462324,15.6799983692989
"168",0.5,0.745,1.8825,3.25,5,0.452756963514564,0.24525395082186,0.277312856077557,0.628201070951572,5.83779884650145
"169",0.745,0.745,1.8825,3.25,5,0.679990032904511,0.221545850351019,0.521505678866766,0.838474386942256,9.70596960757384
"170",0.99,0.745,1.8825,3.25,5,0.672370370175497,0.252903069909749,0.491454412574376,0.853286327776618,8.40725975261542
"171",0.01,0.99,1.8825,3.25,5,0.0507884311961296,0.000279501593065264,0.0505884878013005,0.0509883745909586,574.619699319628
"172",0.255,0.99,1.8825,3.25,5,0.138831181750817,0.0270975234307296,0.119446781229942,0.158215582271691,16.2015818791586
"173",0.5,0.99,1.8825,3.25,5,0.438612235069922,0.22476908183424,0.277822120131113,0.599402350008731,6.17083836050464
"174",0.745,0.99,1.8825,3.25,5,0.719531178951173,0.199187783931287,0.577040822130934,0.862021535771412,11.4231773057771
"175",0.99,0.99,1.8825,3.25,5,0.721889133379254,0.215607454352015,0.567652851929785,0.876125414828723,10.5878244630469
"176",0.01,0.01,3.755,3.25,5,0.0094607402940625,7.29518212052284e-07,0.0094607402940625,0.0094607402940625,NA
"177",0.255,0.01,3.755,3.25,5,0.0133740373973365,0.000440383827197838,0.0130590057852727,0.0136890690094003,96.035360691968
"178",0.5,0.01,3.755,3.25,5,0.00790433473596375,0.000190622966585161,0.00776797128038044,0.00804069819154706,131.126388398033
"179",0.745,0.01,3.755,3.25,5,0.00806229772010274,0.000158738295961366,0.00794874318384476,0.00817585225636072,160.611677323992
"180",0.99,0.01,3.755,3.25,5,0.00317167077887108,0.000674037545461934,0.00268949336584137,0.00365384819190079,14.8800370498045
"181",0.01,0.255,3.755,3.25,5,0.0462554114920556,4.75396693393899e-05,0.0462214036612861,0.0462894193228251,3076.85047994278
"182",0.255,0.255,3.755,3.25,5,0.180826713583354,0.0497921076672604,0.145207585500744,0.216445841665963,11.4842352235331
"183",0.5,0.255,3.755,3.25,5,0.481521456477432,0.272889081173921,0.286308367695678,0.676734545259185,5.57993943238739
"184",0.745,0.255,3.755,3.25,5,0.614980961148696,0.259240367512214,0.42953157394246,0.800430348354931,7.50168877452225
"185",0.99,0.255,3.755,3.25,5,0.644480465159652,0.275326110810043,0.447524030397643,0.84143689992166,7.40222629591205
"186",0.01,0.5,3.755,3.25,5,0.0463803585281824,0.000109510118669231,0.0463020197085187,0.0464586973478461,1339.30611551314
"187",0.255,0.5,3.755,3.25,5,0.19568983393582,0.0587994111281476,0.153627269118291,0.237752398753349,10.5243501304568
"188",0.5,0.5,3.755,3.25,5,0.528499287829743,0.258103321165988,0.343863294579689,0.713135281079797,6.47516461147779
"189",0.745,0.5,3.755,3.25,5,0.675390678593855,0.221843157248691,0.516693644013668,0.834087713174043,9.62740019251107
"190",0.99,0.5,3.755,3.25,5,0.68322499260448,0.249917095903459,0.504445072129807,0.862004913079152,8.64505536594604
"191",0.01,0.745,3.755,3.25,5,0.0461583367015494,0.000194358287546101,0.0460193011583206,0.0462973722447781,751.012363942635
"192",0.255,0.745,3.755,3.25,5,0.200072613083253,0.0603777495807381,0.156880972953704,0.243264253212801,10.4787800002159
"193",0.5,0.745,3.755,3.25,5,0.535479598422112,0.236641515252446,0.366196456246912,0.704762740597311,7.15569780627778
"194",0.745,0.745,3.755,3.25,5,0.725219195795473,0.194201407551182,0.586295877754511,0.864142513836434,11.8091031908967
"195",0.99,0.745,3.755,3.25,5,0.723852432992603,0.223340734713727,0.564084096030577,0.88362076995463,10.2490142742884
"196",0.01,0.99,3.755,3.25,5,0.0459022230452005,0.000325873442327402,0.0456691072277592,0.0461353388626418,445.435422571402
"197",0.255,0.99,3.755,3.25,5,0.205130534475608,0.0614584682188071,0.161165794804906,0.24909527414631,10.554765281184
"198",0.5,0.99,3.755,3.25,5,0.513392637686077,0.202273645878808,0.368694788210807,0.658090487161347,8.02620658759627
"199",0.745,0.99,3.755,3.25,5,0.756992764350138,0.179731444382043,0.628420634391361,0.885564894308915,13.3188787073071
"200",0.99,0.99,3.755,3.25,5,0.800771541687606,0.163506329692385,0.683806159572242,0.91773692380297,15.4872411480425
"201",0.01,0.01,5.6275,3.25,5,0.00918767785082644,9.86234597346269e-07,0.00918767785082644,0.00918767785082644,NA
"202",0.255,0.01,5.6275,3.25,5,0.0153869185981112,0.000463166570036445,0.0150555891936209,0.0157182480026015,105.054449283349
"203",0.5,0.01,5.6275,3.25,5,0.00861308524491229,0.000211946019300566,0.00846146819631264,0.00876470229351194,128.508981414209
"204",0.745,0.01,5.6275,3.25,5,0.00968883192417012,0.00096649232380735,0.00899744496576689,0.0103802188825733,31.7010037143725
"205",0.99,0.01,5.6275,3.25,5,0.00475864291396766,0.00164036589285935,0.00358519584419199,0.00593208998374333,9.17365463709306
"206",0.01,0.255,5.6275,3.25,5,0.0430258590514792,6.06520477866216e-05,0.0429824711902338,0.0430692469127246,2243.28308529193
"207",0.255,0.255,5.6275,3.25,5,0.226370791191295,0.0674585794094684,0.178113830543762,0.274627751838829,10.6116568443242
"208",0.5,0.255,5.6275,3.25,5,0.49436744427865,0.24435035288073,0.319569731869052,0.669165156688249,6.39789182428557
"209",0.745,0.255,5.6275,3.25,5,0.637854863517768,0.243387446006469,0.463745973190478,0.811963753845057,8.28750298517195
"210",0.99,0.255,5.6275,3.25,5,0.668096264805774,0.261156658431562,0.481276045656534,0.854916483955015,8.08980290116127
"211",0.01,0.5,5.6275,3.25,5,0.0431377160709533,0.000134762352379004,0.0430413128915142,0.0432341192503925,1012.25181538991
"212",0.255,0.5,5.6275,3.25,5,0.241322954481266,0.0759563487857567,0.186987055825058,0.295658853137474,10.0469572332187
"213",0.5,0.5,5.6275,3.25,5,0.54424313817136,0.23537419111381,0.375866585070837,0.712619691271883,7.31196529829837
"214",0.745,0.5,5.6275,3.25,5,0.707566426174862,0.202641227321235,0.562605624776245,0.852527227573479,11.0417881502017
"215",0.99,0.5,5.6275,3.25,5,0.71196952003875,0.232623560319867,0.54556064967245,0.878378390405051,9.67849217355074
"216",0.01,0.745,5.6275,3.25,5,0.0430362392025404,0.000228950778270731,0.0428724576821771,0.0432000207229037,594.418323605474
"217",0.255,0.745,5.6275,3.25,5,0.246903946777848,0.0781332938034685,0.191010755469302,0.302797138086394,9.9929082353409
"218",0.5,0.745,5.6275,3.25,5,0.566390783444561,0.232796595419832,0.399858131224526,0.732923435664597,7.69377626928739
"219",0.745,0.745,5.6275,3.25,5,0.756606906241747,0.177692901666217,0.629493061892853,0.883720750590642,13.4648097628104
"220",0.99,0.745,5.6275,3.25,5,0.766456833573811,0.194178183844592,0.62755012877174,0.905363538375881,12.4820887408941
"221",0.01,0.99,5.6275,3.25,5,0.0429361938290187,0.000367375232184403,0.0426733894195931,0.0431989982384444,369.584432110037
"222",0.255,0.99,5.6275,3.25,5,0.255431678471296,0.0818202471608535,0.196900999616553,0.31396235732604,9.87220056841328
"223",0.5,0.99,5.6275,3.25,5,0.547624649025011,0.193386937631899,0.409283967665514,0.685965330384508,8.95479919675656
"224",0.745,0.99,5.6275,3.25,5,0.787104014560055,0.163205192199958,0.670354053229545,0.903853975890565,15.2509942111556
"225",0.99,0.99,5.6275,3.25,5,0.854986501719184,0.121442669070804,0.768111649719874,0.941861353718493,22.2632188078455
"226",0.01,0.01,7.5,3.25,5,0.00898166065879082,1.23926497836771e-06,0.00898077414203022,0.00898254717555143,22918.8312009895
"227",0.255,0.01,7.5,3.25,5,0.0199742938684427,0.000547882356226479,0.0195823624412566,0.0203662252956288,115.288004003006
"228",0.5,0.01,7.5,3.25,5,0.0111492338163454,0.000375380626651837,0.0108807026927024,0.0114177649399884,93.9232622095958
"229",0.745,0.01,7.5,3.25,5,0.0115703565460854,0.000977020145247271,0.0108714384379103,0.0122692746542605,37.4492585478968
"230",0.99,0.01,7.5,3.25,5,0.00679770380079636,0.0030876270588181,0.00458894846120894,0.00900645914038378,6.96205417953827
"231",0.01,0.255,7.5,3.25,5,0.0408045726418039,7.12563758533152e-05,0.0407535989012428,0.040855546382365,1810.86095037334
"232",0.255,0.255,7.5,3.25,5,0.259185364844214,0.0768457041622172,0.204213259677593,0.314157470010835,10.6657372461482
"233",0.5,0.255,7.5,3.25,5,0.513207039254278,0.219435820301715,0.356232109784109,0.670181968724448,7.39579870343655
"234",0.745,0.255,7.5,3.25,5,0.669897514272719,0.222547646402444,0.510696518511213,0.829098510034225,9.51886923196724
"235",0.99,0.255,7.5,3.25,5,0.691533360927757,0.24590436286683,0.515623976742654,0.86744274511286,8.89297153181167
"236",0.01,0.5,7.5,3.25,5,0.0409927087094093,0.000158842571012057,0.0408790795792737,0.0411063378395449,816.093104988304
"237",0.255,0.5,7.5,3.25,5,0.276051754648803,0.0858293826052986,0.214653113066904,0.337450396230702,10.1707861606161
"238",0.5,0.5,7.5,3.25,5,0.568980387267794,0.215747904517084,0.414643633822798,0.72331714071279,8.33970541571781
"239",0.745,0.5,7.5,3.25,5,0.75250682066294,0.171726999116401,0.629660725903404,0.875352915422476,13.8570843277461
"240",0.99,0.5,7.5,3.25,5,0.746106173954089,0.208666181945701,0.5968353796567,0.895376968251477,11.307030511646
"241",0.01,0.745,7.5,3.25,5,0.0410232089130288,0.000268178928291973,0.0408313652646393,0.0412150525614182,483.732178066035
"242",0.255,0.745,7.5,3.25,5,0.283176272994869,0.0889264736768786,0.219562105926495,0.346790440063242,10.0699146717008
"243",0.5,0.745,7.5,3.25,5,0.598477081949941,0.221300396537608,0.440168314992717,0.756785848907166,8.55195352553938
"244",0.745,0.745,7.5,3.25,5,0.803511686434478,0.14420593060278,0.700352978095853,0.906670394773102,17.6201286942563
"245",0.99,0.745,7.5,3.25,5,0.818924911392532,0.152173089874161,0.710066840648156,0.927782982136908,17.0179100312249
"246",0.01,0.99,7.5,3.25,5,0.0410647376032641,0.000423631424912712,0.0407616899378666,0.0413677852686616,306.535574810663
"247",0.255,0.99,7.5,3.25,5,0.294815645893799,0.0943489372513305,0.227322482060067,0.362308809727531,9.88128703977452
"248",0.5,0.99,7.5,3.25,5,0.571011834753965,0.183359410601121,0.439844414105742,0.702179255402188,9.84786089142881
"249",0.745,0.99,7.5,3.25,5,0.848011640325312,0.0974878060997341,0.778273064983938,0.917750215666686,27.5075250233864
"250",0.99,0.99,7.5,3.25,5,0.914838004183455,0.0698529224455359,0.864868233709808,0.964807774657103,41.4151861084696
"251",0.01,0.01,0.01,5.5,5,0.000181766520668658,6.86608537714628e-10,0.000181766520668658,0.000181766520668658,NA
"252",0.255,0.01,0.01,5.5,5,0.000134357410728758,1.38290023197668e-08,0.000134357410728758,0.000134357410728758,NA
"253",0.5,0.01,0.01,5.5,5,4.23966104578399e-05,2.06526044862279e-08,4.23966104578399e-05,4.23966104578399e-05,NA
"254",0.745,0.01,0.01,5.5,5,2.82750149659838e-05,1.22642724217518e-07,2.82750149659838e-05,2.82750149659838e-05,NA
"255",0.99,0.01,0.01,5.5,5,2.3398357675819e-05,3.12003549301882e-07,2.3398357675819e-05,2.3398357675819e-05,NA
"256",0.01,0.255,0.01,5.5,5,0.0042901488879022,4.82157840627832e-08,0.0042901488879022,0.0042901488879022,NA
"257",0.255,0.255,0.01,5.5,5,0.0031916061965567,5.47714209205133e-07,0.0031916061965567,0.0031916061965567,NA
"258",0.5,0.255,0.01,5.5,5,0.00105113959572429,5.43766881699757e-07,0.00105113959572429,0.00105113959572429,NA
"259",0.745,0.255,0.01,5.5,5,0.000723373436618169,2.77645469908787e-06,0.000721387280575062,0.000725359592661276,823.895185226094
"260",0.99,0.255,0.01,5.5,5,0.000651783223757052,8.72087839771072e-06,0.000645544683169119,0.000658021764344985,236.343110609191
"261",0.01,0.5,0.01,5.5,5,0.0077960612596383,1.38641145446697e-07,0.0077960612596383,0.0077960612596383,NA
"262",0.255,0.5,0.01,5.5,5,0.0058786194956868,1.4648779594609e-06,0.00587757158512209,0.0058796674062515,12690.3589365779
"263",0.5,0.5,0.01,5.5,5,0.00200811138270829,2.39226370255881e-06,0.00200640006034776,0.00200982270506882,2654.47565746032
"264",0.745,0.5,0.01,5.5,5,0.00142434275382275,7.88817471302786e-06,0.00141869989356628,0.00142998561407922,571.002473284149
"265",0.99,0.5,0.01,5.5,5,0.00139356851630774,2.88791349893139e-05,0.00137290962765468,0.00141422740496081,152.596349879061
"266",0.01,0.745,0.01,5.5,5,0.0107853279163454,2.54870702402103e-07,0.0107853279163454,0.0107853279163454,NA
"267",0.255,0.745,0.01,5.5,5,0.00828012215186829,2.6822741199962e-06,0.00827820336855284,0.00828204093518373,9761.88269092927
"268",0.5,0.745,0.01,5.5,5,0.00292049839478796,5.57723801763129e-06,0.00291650867905581,0.00292448811052012,1655.91405659928
"269",0.745,0.745,0.01,5.5,5,0.00213285444208475,1.71945519700047e-05,0.00212055420058794,0.00214515468358157,392.256684929121
"270",0.99,0.745,0.01,5.5,5,0.00225753624184155,6.0296112243433e-05,0.00221440300154503,0.00230066948213807,118.398287368412
"271",0.01,0.99,0.01,5.5,5,0.0133360056338285,3.89048347738494e-07,0.0133360056338285,0.0133360056338285,NA
"272",0.255,0.99,0.01,5.5,5,0.0104525645582289,4.13589080762727e-06,0.0104496059201773,0.0104555231962805,7991.9690657689
"273",0.5,0.99,0.01,5.5,5,0.00379408201001996,1.00004002770608e-05,0.00378692815461929,0.00380123586542063,1199.74605503082
"274",0.745,0.99,0.01,5.5,5,0.00285023595706602,3.06803882381927e-05,0.00282828852946196,0.00287218338467007,293.778469270422
"275",0.99,0.99,0.01,5.5,5,0.00324894093934165,0.000100497017455236,0.00317704970387559,0.00332083217480771,102.232420541862
"276",0.01,0.01,1.8825,5.5,5,0.00412867704323425,2.01249957155821e-07,0.00412867704323425,0.00412867704323425,NA
"277",0.255,0.01,1.8825,5.5,5,0.00459008193236328,0.000219897196631667,0.00443277695414922,0.00474738691057733,66.0086339225509
"278",0.5,0.01,1.8825,5.5,5,0.00360512123944581,0.000296591685130631,0.00339295232923413,0.00381729014965748,38.4380106700457
"279",0.745,0.01,1.8825,5.5,5,0.00235568496089833,0.000289521712409297,0.00214857360449789,0.00256279631729877,25.7297798643588
"280",0.99,0.01,1.8825,5.5,5,0.0022105381228527,0.00163812000882205,0.00103869766173312,0.00338237858397228,4.26729133714343
"281",0.01,0.255,1.8825,5.5,5,0.0191888978218161,1.33776962640201e-05,0.0191793279944077,0.0191984676492246,4535.95459992509
"282",0.255,0.255,1.8825,5.5,5,0.0361241029035381,0.0038078309774784,0.0334001447170299,0.0388480610900463,29.9998724421139
"283",0.5,0.255,1.8825,5.5,5,0.278419710085869,0.24888802850058,0.100375940084555,0.456463480087183,3.5374960967761
"284",0.745,0.255,1.8825,5.5,5,0.529782544201419,0.314422406907588,0.304858304028158,0.75470678437468,5.3282446399175
"285",0.99,0.255,1.8825,5.5,5,0.56149392376067,0.333214421924089,0.32312668586825,0.799861161653089,5.3287000039667
"286",0.01,0.5,1.8825,5.5,5,0.0190186487358004,3.82744728610123e-05,0.0189912688273169,0.0190460286442839,1571.34098860639
"287",0.255,0.5,1.8825,5.5,5,0.0378971224172365,0.00425548806027288,0.0348529296450446,0.0409413151894285,28.1615696971334
"288",0.5,0.5,1.8825,5.5,5,0.300975492635398,0.256006521988428,0.117839459157445,0.484111526113351,3.71774933398811
"289",0.745,0.5,1.8825,5.5,5,0.567981742137344,0.291580993291475,0.359397264936501,0.776566219338187,6.15992131129403
"290",0.99,0.5,1.8825,5.5,5,0.573866017469366,0.32576871433268,0.340825117922299,0.806906917016433,5.57058921600418
"291",0.01,0.745,1.8825,5.5,5,0.0187644334796526,8.35559655759128e-05,0.0187046611426428,0.0188242058166624,710.162923609692
"292",0.255,0.745,1.8825,5.5,5,0.0384077390226376,0.00423593516947144,0.0353775335459122,0.041437944499363,28.6727558920642
"293",0.5,0.745,1.8825,5.5,5,0.301842383625263,0.252936611353916,0.12090243192042,0.482782335330105,3.77371002766604
"294",0.745,0.745,1.8825,5.5,5,0.604304991043095,0.270919730615399,0.410500690783657,0.798109291302533,7.05367663242174
"295",0.99,0.745,1.8825,5.5,5,0.592660867954192,0.31410206671392,0.367965785350731,0.817355950557653,5.9667172597578
"296",0.01,0.99,1.8825,5.5,5,0.0185313805468015,0.000159428302907718,0.0184173324093093,0.0186454286842937,367.571940781114
"297",0.255,0.99,1.8825,5.5,5,0.0387986410349855,0.00403492119616793,0.0359122322922594,0.0416850497777117,30.4075519260081
"298",0.5,0.99,1.8825,5.5,5,0.308048402869616,0.253707614197639,0.126556908955994,0.489539896783238,3.83959537724509
"299",0.745,0.99,1.8825,5.5,5,0.637133429211783,0.25345859907027,0.455820069989216,0.81844678843435,7.94919887166387
"300",0.99,0.99,1.8825,5.5,5,0.62699313633105,0.290466400111909,0.419205991058557,0.834780281603542,6.82600943632273
"301",0.01,0.01,3.755,5.5,5,0.00344964400123917,3.80005311737668e-07,0.00344964400123917,0.00344964400123917,NA
"302",0.255,0.01,3.755,5.5,5,0.00826407099757953,0.000358678181535858,0.00800748808339686,0.00852065391176221,72.8599854772001
"303",0.5,0.01,3.755,5.5,5,0.00496082791419055,0.000618840345602133,0.00451813619927079,0.00540351962911031,25.3498586517019
"304",0.745,0.01,3.755,5.5,5,0.00451518427591415,0.00162250248051643,0.00335451592152219,0.00567585263030612,8.8001507170098
"305",0.99,0.01,3.755,5.5,5,0.00404394444260665,0.00322778706088377,0.00173492467760069,0.00635296420761261,3.96187075807773
"306",0.01,0.255,3.755,5.5,5,0.0151924276116997,1.32997816503122e-05,0.0151829135210482,0.0152019417023511,3612.29046486454
"307",0.255,0.255,3.755,5.5,5,0.0563261150898582,0.0145835237780605,0.0458936906418352,0.0667585395378812,12.2137021301185
"308",0.5,0.255,3.755,5.5,5,0.372494300029513,0.277466834646647,0.174006483687214,0.570982116371812,4.24530162324978
"309",0.745,0.255,3.755,5.5,5,0.552936149190274,0.297175306292576,0.340349741549932,0.765522556830616,5.88385910625581
"310",0.99,0.255,3.755,5.5,5,0.58047904198012,0.324171880550883,0.348580448506548,0.812377635453691,5.66253897016077
"311",0.01,0.5,3.755,5.5,5,0.0152629527815581,3.45081016374947e-05,0.0152382671727397,0.0152876383903764,1398.67718938451
"312",0.255,0.5,3.755,5.5,5,0.0565194819425171,0.0141310906403737,0.0464107086640283,0.0666282552210058,12.6480184480923
"313",0.5,0.5,3.755,5.5,5,0.369012562848388,0.258831699148955,0.183855519378062,0.554169606318715,4.50841294808094
"314",0.745,0.5,3.755,5.5,5,0.605516046705134,0.270313335587955,0.412145535316325,0.798886558093943,7.08366778577255
"315",0.99,0.5,3.755,5.5,5,0.602290544654729,0.310420128350452,0.380229362086934,0.824351727222525,6.13558774172682
"316",0.01,0.745,3.755,5.5,5,0.0152736207292817,7.06439801292943e-05,0.015223085070231,0.0153241563883325,683.701987539398
"317",0.255,0.745,3.755,5.5,5,0.0562246618648117,0.0138542203348047,0.0463139496714699,0.0661353740581535,12.8334895698857
"318",0.5,0.745,3.755,5.5,5,0.345568620325539,0.241111428557329,0.173087894798602,0.518049345852478,4.53227760562511
"319",0.745,0.745,3.755,5.5,5,0.647251059562544,0.251245442160028,0.467520897419715,0.826981221705374,8.14656595788619
"320",0.99,0.745,3.755,5.5,5,0.645883358198963,0.284150447086759,0.442614373540798,0.849152342857127,7.18796164372563
"321",0.01,0.99,3.755,5.5,5,0.015288618452436,0.000131509242410103,0.0151945424076789,0.015382694497193,367.63086533652
"322",0.255,0.99,3.755,5.5,5,0.0567181909560489,0.0129879908598709,0.0474271419997564,0.0660092399123415,13.8095776414228
"323",0.5,0.99,3.755,5.5,5,0.341880698046641,0.243304361366846,0.167831242890085,0.515930153203196,4.44349492052707
"324",0.745,0.99,3.755,5.5,5,0.679160986314403,0.237139647721527,0.509521501637358,0.848800470991448,9.05667034304612
"325",0.99,0.99,3.755,5.5,5,0.70288258602565,0.244910865089138,0.527683907336886,0.878081264714414,9.07558714759885
"326",0.01,0.01,5.6275,5.5,5,0.00322558474815131,6.75789098408993e-07,0.00322558474815131,0.00322558474815131,NA
"327",0.255,0.01,5.6275,5.5,5,0.0132192706148855,0.000825690963129012,0.0126286068822136,0.0138099343475574,50.6279056158703
"328",0.5,0.01,5.6275,5.5,5,0.00980726145800439,0.00238028559794684,0.00810450771733061,0.0115100151986782,13.0292280232375
"329",0.745,0.01,5.6275,5.5,5,0.00761179732853439,0.00350343050515,0.00510559412208704,0.0101180005349817,6.87058487684288
"330",0.99,0.01,5.6275,5.5,5,0.00647499903127202,0.0053303739633781,0.00266187920516328,0.0102881188573808,3.84133363379012
"331",0.01,0.255,5.6275,5.5,5,0.0137073114050685,1.31858113248986e-05,0.0136978788438764,0.0137167439662606,3287.34603955457
"332",0.255,0.255,5.6275,5.5,5,0.0780738668331449,0.0268100096003287,0.0588951413164099,0.0972525923498798,9.20892042225856
"333",0.5,0.255,5.6275,5.5,5,0.407915880843578,0.280663000766498,0.207141664994814,0.608690096692342,4.59605745572693
"334",0.745,0.255,5.6275,5.5,5,0.592002141009797,0.272776527446357,0.396869568314349,0.787134713705245,6.86303606403701
"335",0.99,0.255,5.6275,5.5,5,0.595853095820794,0.31355815761927,0.371547102344411,0.820159089297177,6.00926140133842
"336",0.01,0.5,5.6275,5.5,5,0.0138336723230313,3.1417040836696e-05,0.0138111979259036,0.013856146720159,1392.42626868011
"337",0.255,0.5,5.6275,5.5,5,0.0762470499995499,0.0263181385169843,0.0574201878591326,0.0950739121399672,9.16152723763939
"338",0.5,0.5,5.6275,5.5,5,0.445108324896917,0.295040996306683,0.234048710644466,0.656167939149368,4.77071366283415
"339",0.745,0.5,5.6275,5.5,5,0.656437794305893,0.240164878460127,0.484634189927836,0.828241398683951,8.64338943118351
"340",0.99,0.5,5.6275,5.5,5,0.637210793491268,0.288110226912806,0.431109152988417,0.843312433994119,6.99398101437558
"341",0.01,0.745,5.6275,5.5,5,0.0139055876960127,5.85208843151763e-05,0.0138637243772743,0.013947451014751,751.412591200531
"342",0.255,0.745,5.6275,5.5,5,0.0797130639843525,0.0306764126875634,0.0577684803178979,0.101657647650807,8.2172203128394
"343",0.5,0.745,5.6275,5.5,5,0.43619037826905,0.271846762822127,0.241722919118472,0.630657837419628,5.07401697361077
"344",0.745,0.745,5.6275,5.5,5,0.698020730625474,0.223087169228117,0.538433783484694,0.857607677766254,9.89449716193335
"345",0.99,0.745,5.6275,5.5,5,0.698292502022893,0.251425912838492,0.5184332389339,0.878151765111887,8.78268574022659
"346",0.01,0.99,5.6275,5.5,5,0.0139768078223397,0.000104170851271001,0.0139022884844821,0.0140513271601972,424.289007892126
"347",0.255,0.99,5.6275,5.5,5,0.0801587576269576,0.0305138348212488,0.0583304751599292,0.101987040093986,8.30719082001657
"348",0.5,0.99,5.6275,5.5,5,0.387346586211898,0.246545858273611,0.210978303857406,0.563714868566391,4.96823375942096
"349",0.745,0.99,5.6275,5.5,5,0.736527641333987,0.204981896810133,0.589892425851893,0.883162856816082,11.3624907493384
"350",0.99,0.99,5.6275,5.5,5,0.772099897827298,0.194993601304067,0.632609878514343,0.911589917140253,12.5214070717644
"351",0.01,0.01,7.5,5.5,5,0.00298121165901031,2.08208352650808e-06,0.00297972222618081,0.0029827010918398,4527.87744079259
"352",0.255,0.01,7.5,5.5,5,0.0185010347877858,0.00329559815591319,0.0161435058876492,0.0208585636879225,17.7525918608853
"353",0.5,0.01,7.5,5.5,5,0.0198276307165382,0.00366315879017232,0.0172071647783213,0.0224480966547552,17.1165044325113
"354",0.745,0.01,7.5,5.5,5,0.0102330648604825,0.00434805051303712,0.00712265689847215,0.0133434728224929,7.44236809262702
"355",0.99,0.01,7.5,5.5,5,0.00876983984289634,0.00705457687591325,0.00372329955601084,0.0138163801297818,3.93115974299388
"356",0.01,0.255,7.5,5.5,5,0.0137901281964345,0.00245287593754308,0.0120354464550238,0.0155448099378452,17.7784019399379
"357",0.255,0.255,7.5,5.5,5,0.103413248443954,0.0446871675862647,0.0714459745028514,0.135380522385057,7.31801595365096
"358",0.5,0.255,7.5,5.5,5,0.440236517615578,0.240101947159861,0.268477931577768,0.611995103653388,5.79816249436398
"359",0.745,0.255,7.5,5.5,5,0.641120501464859,0.240947572482456,0.468756991512667,0.813484011417051,8.41428290133901
"360",0.99,0.255,7.5,5.5,5,0.614532484678302,0.301934320461684,0.398541683386477,0.830523285970128,6.43624197730967
"361",0.01,0.5,7.5,5.5,5,0.0168995680474027,0.00154136992362727,0.0157969384278805,0.018002197666925,34.6711880669341
"362",0.255,0.5,7.5,5.5,5,0.103388235568193,0.0500895142879913,0.0675563556055626,0.139220115530824,6.52716067043012
"363",0.5,0.5,7.5,5.5,5,0.520329949368386,0.253209184786524,0.339195010376143,0.701464888360628,6.49829419178225
"364",0.745,0.5,7.5,5.5,5,0.713954945045837,0.200854787652004,0.570272085601704,0.85763780448997,11.2405773319024
"365",0.99,0.5,7.5,5.5,5,0.681452119984097,0.257543651730576,0.497216490129725,0.865687749838468,8.36728376343144
"366",0.01,0.745,7.5,5.5,5,0.0163155099855895,0.000892160226065766,0.0156772970066411,0.016953722964538,57.8306129709493
"367",0.255,0.745,7.5,5.5,5,0.110503365337807,0.0587074674780571,0.0685065730453305,0.152500157630283,5.95226363173955
"368",0.5,0.745,7.5,5.5,5,0.517488831792794,0.274461323246723,0.321151028786404,0.713826634799185,5.96238243263853
"369",0.745,0.745,7.5,5.5,5,0.766514480296668,0.180294903870418,0.637539275701648,0.895489684891689,13.4442602935681
"370",0.99,0.745,7.5,5.5,5,0.765038699712669,0.201572197562437,0.620842636134696,0.909234763290642,12.0019765549079
"371",0.01,0.99,7.5,5.5,5,0.0151312256743992,0.000726924413756189,0.0146112152749,0.0156512360738984,65.8240884686636
"372",0.255,0.99,7.5,5.5,5,0.110044563936807,0.0552160256932464,0.0705453986368899,0.149543729236725,6.30236352202546
"373",0.5,0.99,7.5,5.5,5,0.423497911262092,0.24770865391599,0.246297815014592,0.600698007509592,5.40642388846972
"374",0.745,0.99,7.5,5.5,5,0.842778405935832,0.115699086303448,0.760012265534164,0.9255445463375,23.0347482483426
"375",0.99,0.99,7.5,5.5,5,0.842473825804709,0.136213747017608,0.745032381187522,0.939915270421896,19.5584969722213
"376",0.01,0.01,0.01,7.75,5,0.000203582343821429,9.13231483750864e-10,0.000203582343821429,0.000203582343821429,NA
"377",0.255,0.01,0.01,7.75,5,0.0001119295120106,1.47777462185567e-08,0.0001119295120106,0.0001119295120106,NA
"378",0.5,0.01,0.01,7.75,5,3.89898420659618e-05,4.23815668917928e-08,3.89898420659618e-05,3.89898420659618e-05,NA
"379",0.745,0.01,0.01,7.75,5,2.60483252160437e-05,2.67359032271197e-07,2.60483252160437e-05,2.60483252160437e-05,NA
"380",0.99,0.01,0.01,7.75,5,1.33443988068915e-05,5.642295354239e-07,1.33443988068915e-05,1.33443988068915e-05,NA
"381",0.01,0.255,0.01,7.75,5,0.00459745260596685,7.30557166925217e-08,0.00459745260596685,0.00459745260596685,NA
"382",0.255,0.255,0.01,7.75,5,0.00262851565869371,5.87959379351467e-07,0.00262851565869371,0.00262851565869371,NA
"383",0.5,0.255,0.01,7.75,5,0.000967400060736945,1.08366224602466e-06,0.000966624855465511,0.000968175266008378,2823.0083789819
"384",0.745,0.255,0.01,7.75,5,0.000681874549912886,4.88091987157176e-06,0.000678382950175268,0.000685366149650505,441.776696394018
"385",0.99,0.255,0.01,7.75,5,0.000451863340680281,2.53021001542157e-05,0.000433763308599401,0.00046996337276116,56.4742586177863
"386",0.01,0.5,0.01,7.75,5,0.00801950110705942,2.03460487186951e-07,0.00801950110705942,0.00801950110705942,NA
"387",0.255,0.5,0.01,7.75,5,0.00479004448071694,1.61222462727646e-06,0.00478889116469584,0.00479119779673804,9395.37232983019
"388",0.5,0.5,0.01,7.75,5,0.00184925610056366,4.27413629471633e-06,0.00184619856764817,0.00185231363347914,1368.19718687297
"389",0.745,0.5,0.01,7.75,5,0.00137298634035572,1.17489356138286e-05,0.00136458165812656,0.00138139102258488,369.545308147996
"390",0.99,0.5,0.01,7.75,5,0.00117075924099852,8.51371386139494e-05,0.00110985580093645,0.00123166268106059,43.485908189058
"391",0.01,0.745,0.01,7.75,5,0.0106890771851778,3.65760633055676e-07,0.0106890771851778,0.0106890771851778,NA
"392",0.255,0.745,0.01,7.75,5,0.00667892544274526,2.96227543841296e-06,0.00667680635855301,0.00668104452693752,7129.86255351018
"393",0.5,0.745,0.01,7.75,5,0.00269077243627478,9.84060246079582e-06,0.00268373289334554,0.00269781197920402,864.679738636698
"394",0.745,0.745,0.01,7.75,5,0.00210048086636208,2.58145035348021e-05,0.00208201428298425,0.0021189474497399,257.308985638752
"395",0.99,0.745,0.01,7.75,5,0.00227413521402544,0.000193212913293193,0.00213591902217844,0.00241235140587244,37.2203227048399
"396",0.01,0.99,0.01,7.75,5,0.0127807194307968,5.56218258016224e-07,0.0127807194307968,0.0127807194307968,NA
"397",0.255,0.99,0.01,7.75,5,0.00835000938525738,4.55330243740834e-06,0.00834675214891381,0.00835326662160096,5799.09823785504
"398",0.5,0.99,0.01,7.75,5,0.00349698576936057,1.76063165719009e-05,0.00348439096921216,0.00350958056950899,628.095032326328
"399",0.745,0.99,0.01,7.75,5,0.00286420652369677,4.66990467521747e-05,0.00283080003810035,0.00289761300929318,193.952916256755
"400",0.99,0.99,0.01,7.75,5,0.00384950136296511,0.000374814203435353,0.00358137543408174,0.00411762729184849,32.4779372054718
"401",0.01,0.01,1.8825,7.75,5,0.00228780040536094,1.60441932357093e-07,0.00228780040536094,0.00228780040536094,NA
"402",0.255,0.01,1.8825,7.75,5,0.00326139552206706,0.000208499074474669,0.00311224426925311,0.003410546774881,49.4651509911563
"403",0.5,0.01,1.8825,7.75,5,0.00328576614404719,0.000556662879530507,0.00288755350887752,0.00368397877921685,18.6657046049513
"404",0.745,0.01,1.8825,7.75,5,0.00329452412023417,0.00210034643515835,0.00179202679291277,0.00479702144755556,4.96022934688721
"405",0.99,0.01,1.8825,7.75,5,0.0031250813503966,0.00172488189975583,0.00189117517142246,0.00435898752937073,5.72930525966265
"406",0.01,0.255,1.8825,7.75,5,0.0101973448716699,6.93511927211583e-06,0.0101923837862048,0.0102023059571349,4649.78821782774
"407",0.255,0.255,1.8825,7.75,5,0.0239352832987437,0.00283925930047881,0.0219041995503048,0.0259663670471827,26.6583653182555
"408",0.5,0.255,1.8825,7.75,5,0.258534582657881,0.250034198522405,0.0796708920160384,0.437398273299724,3.26978525318293
"409",0.745,0.255,1.8825,7.75,5,0.514350417646406,0.324355881901523,0.282320197535946,0.746380637756866,5.01461180751866
"410",0.99,0.255,1.8825,7.75,5,0.553126716068652,0.339035256137175,0.310595504223391,0.795657927913913,5.1591692185502
"411",0.01,0.5,1.8825,7.75,5,0.0101988422040189,2.12046797092373e-05,0.01018367328995,0.0102140111180878,1520.96477304025
"412",0.255,0.5,1.8825,7.75,5,0.0246446817902602,0.00290277557774105,0.0225681612342401,0.0267212023462802,26.8478649417142
"413",0.5,0.5,1.8825,7.75,5,0.273487656074319,0.254987258308634,0.091080759908712,0.455894552239926,3.39171420122034
"414",0.745,0.5,1.8825,7.75,5,0.557377864281909,0.299078294350152,0.343430140992601,0.771325587571217,5.89338511616448
"415",0.99,0.5,1.8825,7.75,5,0.562570947759764,0.334124759937428,0.323552493282734,0.801589402236794,5.32437506485185
"416",0.01,0.745,1.8825,7.75,5,0.0101526486906574,4.85237941530508e-05,0.0101179368594061,0.0101873605219087,661.644348023127
"417",0.255,0.745,1.8825,7.75,5,0.0248800768664925,0.00278315624313492,0.0228891268275705,0.0268710269054144,28.2692398072339
"418",0.5,0.745,1.8825,7.75,5,0.280578165413119,0.254862302220829,0.0982606574478666,0.462895673378372,3.48135466361813
"419",0.745,0.745,1.8825,7.75,5,0.592640992746569,0.279007115590639,0.393051325793849,0.792230659699288,6.717016402593
"420",0.99,0.745,1.8825,7.75,5,0.57921848237739,0.324845846790177,0.346837762500149,0.811599202254631,5.63851957867803
"421",0.01,0.99,1.8825,7.75,5,0.0101113461660943,9.50959961440007e-05,0.0100433185885225,0.0101793737436661,336.2379636557
"422",0.255,0.99,1.8825,7.75,5,0.0251327764269176,0.00260451891541854,0.0232696158340418,0.0269959370197935,30.514970331892
"423",0.5,0.99,1.8825,7.75,5,0.292776758480254,0.257276399535531,0.108732309329244,0.476821207631263,3.59862546440353
"424",0.745,0.99,1.8825,7.75,5,0.622654311082506,0.263262683871864,0.434327532090396,0.810981090074616,7.4792438828972
"425",0.99,0.99,1.8825,7.75,5,0.607242686130693,0.307043996727591,0.387596642634776,0.826888729626609,6.25405479708951
"426",0.01,0.01,3.755,7.75,5,0.00191589778727586,4.24715187922381e-07,0.00191589778727586,0.00191589778727586,NA
"427",0.255,0.01,3.755,7.75,5,0.010731718139865,0.000197644888540205,0.0105903315039179,0.010873104775812,171.70528810319
"428",0.5,0.01,3.755,7.75,5,0.00631980449024578,0.00250682078035913,0.00452653293298511,0.00811307604750645,7.97223986362241
"429",0.745,0.01,3.755,7.75,5,0.00580183016341418,0.00408791617875444,0.00287751109391298,0.00872614923291538,4.48810521341118
"430",0.99,0.01,3.755,7.75,5,0.00500966245662156,0.00357022421241142,0.00245567791040937,0.00756364700283374,4.43724055662559
"431",0.01,0.255,3.755,7.75,5,0.0082174758434332,6.67842657178208e-06,0.00821269838486405,0.00822225330200234,3891.02732557678
"432",0.255,0.255,3.755,7.75,5,0.0400786200840795,0.00882079319130803,0.0337686047585383,0.0463886354096207,14.3682911721759
"433",0.5,0.255,3.755,7.75,5,0.352344211955562,0.263713970518513,0.1636946019442,0.540993821966925,4.22507092804357
"434",0.745,0.255,3.755,7.75,5,0.551575406353201,0.300028059662914,0.336948261888357,0.766202550818045,5.81357152850536
"435",0.99,0.255,3.755,7.75,5,0.572456125223578,0.328795775894875,0.337249796283196,0.807662454163961,5.50574353120602
"436",0.01,0.5,3.755,7.75,5,0.00831625518300745,1.36781002769309e-05,0.00830647045951378,0.00832603990650111,1922.65793122148
"437",0.255,0.5,3.755,7.75,5,0.0435892883215623,0.0120719422671695,0.0349535410522634,0.0522250355908612,11.4183310051759
"438",0.5,0.5,3.755,7.75,5,0.348334838021905,0.253866715854417,0.166729529639355,0.529940146404455,4.33901495447212
"439",0.745,0.5,3.755,7.75,5,0.608878042785345,0.268416043692559,0.416864772256549,0.800891313314141,7.17334703983835
"440",0.99,0.5,3.755,7.75,5,0.591018570683965,0.316660605666253,0.364493219571758,0.817543921796173,5.90210714366017
"441",0.01,0.745,3.755,7.75,5,0.0083659029321641,2.23157669360814e-05,0.00834993919417435,0.00838186667015386,1185.49848747279
"442",0.255,0.745,3.755,7.75,5,0.04258258099577,0.0123794943648542,0.0337268242094467,0.0514383377820934,10.8774995671498
"443",0.5,0.745,3.755,7.75,5,0.328524898450379,0.244755179100081,0.153437590809049,0.503612206091709,4.2445963799357
"444",0.745,0.745,3.755,7.75,5,0.647177652159583,0.251974985397085,0.466925606223921,0.827429698095245,8.122057943011
"445",0.99,0.745,3.755,7.75,5,0.630855703680892,0.294941350305817,0.419867371883313,0.841844035478471,6.76385625980008
"446",0.01,0.99,3.755,7.75,5,0.00840566817642878,3.61888244630982e-05,0.00837978025093015,0.00843155610192742,734.510089439733
"447",0.255,0.99,3.755,7.75,5,0.0393656160235351,0.0103563585106275,0.0319571234422497,0.0467741086048205,12.0201524505209
"448",0.5,0.99,3.755,7.75,5,0.328776837189916,0.248712563591977,0.150858587222728,0.506695087157105,4.18026187503794
"449",0.745,0.99,3.755,7.75,5,0.679125883224411,0.23775556149602,0.5090458003753,0.849205966073522,9.03274184397415
"450",0.99,0.99,3.755,7.75,5,0.681975688243477,0.261578271728767,0.494853865110433,0.869097511376521,8.24455513624045
"451",0.01,0.01,5.6275,7.75,5,0.00140190139159673,1.15575412706243e-06,0.00140107461490033,0.00140272816829313,3835.7651931325
"452",0.255,0.01,5.6275,7.75,5,0.0172139495656822,0.00259456189690127,0.0153579117947655,0.0190699873365989,20.9805317112824
"453",0.5,0.01,5.6275,7.75,5,0.0156460723952454,0.00429834715432582,0.0125712200741391,0.0187209247163518,11.510755978625
"454",0.745,0.01,5.6275,7.75,5,0.0108708494866147,0.00742544473982915,0.00555900631207441,0.0161826926611551,4.62957380777244
"455",0.99,0.01,5.6275,7.75,5,0.0078034555227074,0.00498040267315835,0.00424069007594882,0.011366220969466,4.95475861913116
"456",0.01,0.255,5.6275,7.75,5,0.010369859823439,0.00202169720564605,0.00892362476559851,0.0118160948812795,16.220221290883
"457",0.255,0.255,5.6275,7.75,5,0.0623279946267952,0.0255374941024292,0.0440595718594374,0.0805964173941531,7.71800178282415
"458",0.5,0.255,5.6275,7.75,5,0.422640019668447,0.276225171311359,0.225040435767936,0.620239603568957,4.83846235354183
"459",0.745,0.255,5.6275,7.75,5,0.605545637586646,0.263580097909873,0.416991794270394,0.794099480902898,7.26497735275687
"460",0.99,0.255,5.6275,7.75,5,0.588008957898066,0.316719622377529,0.361441388773879,0.814576527022253,5.87095797090678
"461",0.01,0.5,5.6275,7.75,5,0.0116652742608784,0.00103333749019367,0.01092606915107,0.0124044793706868,35.6987301293009
"462",0.255,0.5,5.6275,7.75,5,0.0612138204407876,0.0301739466290941,0.0396286793392749,0.0827989615423003,6.41530586810324
"463",0.5,0.5,5.6275,7.75,5,0.470386380585025,0.293681958047499,0.26029896373676,0.680473797433291,5.06497693239606
"464",0.745,0.5,5.6275,7.75,5,0.664673177055637,0.235079357583705,0.496507535156987,0.832838818954288,8.94115570469757
"465",0.99,0.5,5.6275,7.75,5,0.631430240345628,0.293847326817431,0.42122452580576,0.841635954885496,6.79522173853338
"466",0.01,0.745,5.6275,7.75,5,0.0108473512950521,0.000807315049199306,0.0102698328993134,0.0114248696907909,42.489405723779
"467",0.255,0.745,5.6275,7.75,5,0.0592538828261236,0.0288400650401467,0.0386229431310116,0.0798848225212357,6.49711537329919
"468",0.5,0.745,5.6275,7.75,5,0.457706345934069,0.28911414351834,0.25088654675443,0.664526145113707,5.00630835645296
"469",0.745,0.745,5.6275,7.75,5,0.704293883670091,0.221589030329113,0.545778640536817,0.862809126803365,10.0509163798193
"470",0.99,0.745,5.6275,7.75,5,0.690456243532793,0.259136029088804,0.505081495538302,0.875830991527283,8.42574597567554
"471",0.01,0.99,5.6275,7.75,5,0.0101562146547924,0.000933141633938357,0.00948868534270584,0.0108237439668789,34.4178949332426
"472",0.255,0.99,5.6275,7.75,5,0.0562866551267482,0.0211222382034153,0.0411767161583776,0.0713965940951187,8.42685469024478
"473",0.5,0.99,5.6275,7.75,5,0.38553671636082,0.251083029080176,0.205922737536282,0.565150695185357,4.85566129176012
"474",0.745,0.99,5.6275,7.75,5,0.748097383069738,0.201337779979319,0.60406901172873,0.892125754410747,11.7498645428337
"475",0.99,0.99,5.6275,7.75,5,0.748449642754114,0.219660027537787,0.591314325089252,0.905584960418976,10.7748579091623
"476",0.01,0.01,7.5,7.75,5,0.00131669344546053,8.63938870165429e-05,0.00125489098174959,0.00137849590917146,48.1949639223047
"477",0.255,0.01,7.5,7.75,5,0.0210222548221009,0.00526210588335407,0.0172579710384947,0.0247865386057071,12.6333844783685
"478",0.5,0.01,7.5,7.75,5,0.0188252177329579,0.00374603965959389,0.0161454623924274,0.0215049730734884,15.8916004352159
"479",0.745,0.01,7.5,7.75,5,0.0169167008237418,0.0125104384898582,0.00796727225330057,0.0258661293941831,4.27605356455234
"480",0.99,0.01,7.5,7.75,5,0.0118169589856526,0.0056100631571482,0.00780376156325507,0.0158301564080502,6.66097766900205
"481",0.01,0.255,7.5,7.75,5,0.010649683475136,0.00286319430414256,0.00860147765653175,0.0126978892937402,11.7621273877786
"482",0.255,0.255,7.5,7.75,5,0.0822652194847474,0.0367033163931041,0.056009248630914,0.108521190338581,7.08779182238534
"483",0.5,0.255,7.5,7.75,5,0.50695793689701,0.210377161048411,0.356463181882526,0.657452691911493,7.62032223700154
"484",0.745,0.255,7.5,7.75,5,0.65473321928368,0.230878615934062,0.4895726069343,0.81989383163306,8.96769163456099
"485",0.99,0.255,7.5,7.75,5,0.605518504090208,0.305372372835212,0.38706826828989,0.823968739890525,6.27043507742704
"486",0.01,0.5,7.5,7.75,5,0.0118917394205476,0.000527002740335285,0.0115147443707833,0.0122687344703119,71.3563308726187
"487",0.255,0.5,7.5,7.75,5,0.0843238146750424,0.0473240402766498,0.0504702356447071,0.118177393705378,5.634669267633
"488",0.5,0.5,7.5,7.75,5,0.610905564979255,0.219940387462254,0.453569689906268,0.768241440052242,8.78353013239999
"489",0.745,0.5,7.5,7.75,5,0.716251209518806,0.202913797753421,0.571095422979162,0.86140699605845,11.1623025344107
"490",0.99,0.5,7.5,7.75,5,0.670407182921843,0.266730050603227,0.479599999192919,0.861214366650766,7.94816201989845
"491",0.01,0.745,7.5,7.75,5,0.0112539288232647,6.38296732593535e-05,0.0112082678256928,0.0112995898208366,557.547076299969
"492",0.255,0.745,7.5,7.75,5,0.0862955626815654,0.0522820036443232,0.0488952703166153,0.123695855046515,5.21958821425554
"493",0.5,0.745,7.5,7.75,5,0.552783087879699,0.281565534646841,0.351363238186759,0.754202937572639,6.20833658463701
"494",0.745,0.745,7.5,7.75,5,0.771415443720076,0.184154637864593,0.639679151757113,0.90315173568304,13.2466380031035
"495",0.99,0.745,7.5,7.75,5,0.744555697287603,0.223314981764312,0.58480578287579,0.904305611699417,10.5433671743915
"496",0.01,0.99,7.5,7.75,5,0.0104226374573316,0.000686440927453971,0.00993158719933653,0.0109136877153267,48.014726793172
"497",0.255,0.99,7.5,7.75,5,0.0773636739079125,0.0414095000763431,0.0477411020555077,0.106986245760317,5.90795390566202
"498",0.5,0.99,7.5,7.75,5,0.456690718450308,0.243263869318024,0.282670229560514,0.630711207340102,5.93669277977999
"499",0.745,0.99,7.5,7.75,5,0.842772215871153,0.128229659876031,0.751042243128564,0.934502188613741,20.7836451678689
"500",0.99,0.99,7.5,7.75,5,0.803899681577281,0.17612196718487,0.677909616058446,0.929889747096117,14.4340541086501
"501",0.01,0.01,0.01,10,5,0.000215245056235402,1.07415346994454e-09,0.000215245056235402,0.000215245056235402,NA
"502",0.255,0.01,0.01,10,5,0.000100724406461117,1.71275878626559e-08,0.000100724406461117,0.000100724406461117,NA
"503",0.5,0.01,0.01,10,5,3.72947043808303e-05,7.11060773950904e-08,3.72947043808303e-05,3.72947043808303e-05,NA
"504",0.745,0.01,0.01,10,5,2.45439904823286e-05,4.35895533364057e-07,2.45439904823286e-05,2.45439904823286e-05,NA
"505",0.99,0.01,0.01,10,5,-2.00344275637088e-05,1.92274445296566e-06,-2.14098760865545e-05,-1.8658979040863e-05,-32.9499963561248
"506",0.01,0.255,0.01,10,5,0.00465657551437189,9.33317151633117e-08,0.00465657551437189,0.00465657551437189,NA
"507",0.255,0.255,0.01,10,5,0.00233764804389456,6.46411879452195e-07,0.00233764804389456,0.00233764804389456,NA
"508",0.5,0.255,0.01,10,5,0.00092593576753921,1.66863588081827e-06,0.000924742097338316,0.000927129437740104,1754.76628909852
"509",0.745,0.255,0.01,10,5,0.00066084087429128,7.19132628355969e-06,0.000655696509371247,0.000665985239211312,290.594843189763
"510",0.99,0.255,0.01,10,5,-0.000646864061341157,5.83229431014158e-05,-0.000688585781465289,-0.000605142341217025,-35.0730546431439
"511",0.01,0.5,0.01,10,5,0.00782041907854238,2.54061883149962e-07,0.00782041907854238,0.00782041907854238,NA
"512",0.255,0.5,0.01,10,5,0.00421486915787506,1.78699735100206e-06,0.00421359081697907,0.00421614749877105,7458.64932088848
"513",0.5,0.5,0.01,10,5,0.00177108371779886,6.11605235362214e-06,0.00176670855751042,0.0017754588780873,915.730957039043
"514",0.745,0.5,0.01,10,5,0.00136664791562131,1.53471654661539e-05,0.00135566921481802,0.0013776266164246,281.597287943231
"515",0.99,0.5,0.01,10,5,-0.00112862189745608,0.000352099587753387,-0.00138049876914489,-0.000876745025767274,-10.1363816864278
"516",0.01,0.745,0.01,10,5,0.0100872806109391,4.56848529254871e-07,0.0100872806109391,0.0100872806109391,NA
"517",0.255,0.745,0.01,10,5,0.00581970228750395,3.28762362702078e-06,0.00581735046323813,0.00582205411176977,5597.81672736112
"518",0.5,0.745,0.01,10,5,0.00257852510815086,1.39949991467441e-05,0.00256851368886219,0.00258853652743954,582.637573621129
"519",0.745,0.745,0.01,10,5,0.00214257962709181,3.4141926019388e-05,0.0021181559645307,0.00216700328965292,198.449017962162
"520",0.99,0.745,0.01,10,5,-0.000257254428785414,0.000866888743309731,-0.000877389278020261,0.000362880420449433,-0.938424843332903
"521",0.01,0.99,0.01,10,5,0.0117254492076499,7.07725313659799e-07,0.0117254492076499,0.0117254492076499,NA
"522",0.255,0.99,0.01,10,5,0.00720994771204786,5.05181591511616e-06,0.00720633386064529,0.00721356156345043,4513.20019650139
"523",0.5,0.99,0.01,10,5,0.0033529439152465,2.49982035930058e-05,0.00333506127766938,0.00337082655282362,424.148063261156
"524",0.745,0.99,0.01,10,5,0.00298527766604748,6.25487167318449e-05,0.00294053300957375,0.00303002232252121,150.92678740658
"525",0.99,0.99,0.01,10,5,0.00281566510928128,0.00137406397369101,0.00183271895645593,0.00379861126210664,6.47998568049062
"526",0.01,0.01,1.8825,10,5,0.00150641162396334,1.62164222560008e-07,0.00150641162396334,0.00150641162396334,NA
"527",0.255,0.01,1.8825,10,5,0.00426408247609915,0.000204432036085716,0.00411784060728359,0.00441032434491471,65.9593917541867
"528",0.5,0.01,1.8825,10,5,0.00316911248217449,0.000701546243262966,0.00266725653219855,0.00367096843215042,14.2850363766892
"529",0.745,0.01,1.8825,10,5,0.00397881841244321,0.00325712859320019,0.00164880897966294,0.00630882784522348,3.86295112996248
"530",0.99,0.01,1.8825,10,5,0.00329417539227053,0.00135805155702951,0.00232268383228525,0.0042656669522558,7.67061986544826
"531",0.01,0.255,1.8825,10,5,0.0065950545864552,4.38701356566242e-06,0.00659191630600441,0.00659819286690598,4753.89316084533
"532",0.255,0.255,1.8825,10,5,0.0199819138698101,0.00205108163010567,0.0185146584610045,0.0214491692786158,30.8073354616578
"533",0.5,0.255,1.8825,10,5,0.254472706116312,0.250744793167561,0.075100686687711,0.433844725544913,3.20929237855182
"534",0.745,0.255,1.8825,10,5,0.511772239414079,0.325838516959961,0.278681406075531,0.744863072752627,4.96677291221636
"535",0.99,0.255,1.8825,10,5,0.551393517048852,0.340043310544991,0.308141186521366,0.794645847576339,5.12775680877438
"536",0.01,0.5,1.8825,10,5,0.00665147831382322,1.40092352259231e-05,0.00664145671065699,0.00666149991698945,1501.4253768811
"537",0.255,0.5,1.8825,10,5,0.0205341368787241,0.00226197638273925,0.018916016452189,0.0221522573052592,28.7070381538613
"538",0.5,0.5,1.8825,10,5,0.267185778749402,0.255061125976696,0.0847260408373194,0.449645516661485,3.31260052279046
"539",0.745,0.5,1.8825,10,5,0.554432699196925,0.301474958241757,0.338770505841467,0.770094892552384,5.81564103686291
"540",0.99,0.5,1.8825,10,5,0.559887762190624,0.336094726375988,0.31946007861724,0.800315445764008,5.26792128418106
"541",0.01,0.745,1.8825,10,5,0.00666946001435,3.29361152282236e-05,0.00664589893686565,0.00669302109183436,640.351306236999
"542",0.255,0.745,1.8825,10,5,0.0205588395619487,0.00216763894806935,0.0190082040707963,0.0221094750531011,29.9924298387612
"543",0.5,0.745,1.8825,10,5,0.275966126350947,0.255737848526315,0.0930222902895681,0.458909962412326,3.41240657709298
"544",0.745,0.745,1.8825,10,5,0.58985527105934,0.281512573926839,0.388473307183199,0.791237234935482,6.62594256584886
"545",0.99,0.745,1.8825,10,5,0.575522535371854,0.328313705839834,0.340661058574507,0.8103840121692,5.54336302188291
"546",0.01,0.99,1.8825,10,5,0.00668465782498169,6.55199856750016e-05,0.00663778765074998,0.0067315279992134,322.630475083797
"547",0.255,0.99,1.8825,10,5,0.020599749611024,0.00227957692403026,0.0189690385157276,0.0222304607063204,28.5764114004246
"548",0.5,0.99,1.8825,10,5,0.290739727351375,0.258566153076666,0.105772644097713,0.475706810605036,3.55576216680646
"549",0.745,0.99,1.8825,10,5,0.618730425665494,0.26634403493055,0.428199380913833,0.809261470417155,7.34612811305742
"550",0.99,0.99,1.8825,10,5,0.600707267840852,0.312444217548451,0.377198139086966,0.824216396594737,6.07981542529055
"551",0.01,0.01,3.755,10,5,0.000988858529268621,5.41899049376666e-07,0.000988858529268621,0.000988858529268621,NA
"552",0.255,0.01,3.755,10,5,0.0121910422857008,0.000205042478243946,0.0120443637328717,0.01233772083853,188.016946558624
"553",0.5,0.01,3.755,10,5,0.00858634583616393,0.00405044483028653,0.00568883215456529,0.0114838595177626,6.70356238829704
"554",0.745,0.01,3.755,10,5,0.00813596617823111,0.00657790119719218,0.00343041913002698,0.0128415132264352,3.91130594972877
"555",0.99,0.01,3.755,10,5,0.00588600928100147,0.00274047561510096,0.0039255911240948,0.00784642743790814,6.79195813832082
"556",0.01,0.255,3.755,10,5,0.00514402973071175,0.00201564350394898,0.00370212523018694,0.00658593423123656,8.0703012555555
"557",0.255,0.255,3.755,10,5,0.0375193656370369,0.0115881943266053,0.0292296707977698,0.0458090604763041,10.238579750539
"558",0.5,0.255,3.755,10,5,0.362671846980409,0.263851225809435,0.173924050448804,0.551419643512014,4.34665056476361
"559",0.745,0.255,3.755,10,5,0.557709449237697,0.296612365403961,0.345525745249679,0.769893153225715,5.94591574018588
"560",0.99,0.255,3.755,10,5,0.571857798506921,0.328448439649863,0.336899938948102,0.80681565806574,5.50580524279333
"561",0.01,0.5,3.755,10,5,0.00879035963497905,0.00163235266630747,0.00762264488215638,0.00995807438780172,17.0291374359812
"562",0.255,0.5,3.755,10,5,0.0396671641458151,0.0127313820770829,0.0305596820544227,0.0487746462372076,9.85270776268183
"563",0.5,0.5,3.755,10,5,0.366933765954092,0.256455804416661,0.183476335188372,0.550391196719813,4.52454743021872
"564",0.745,0.5,3.755,10,5,0.618219529090529,0.262770902703851,0.430244549153183,0.806194509027874,7.43987171260779
"565",0.99,0.5,3.755,10,5,0.587460813263911,0.318872171319153,0.359353403388894,0.815568223138929,5.82589003713799
"566",0.01,0.745,3.755,10,5,0.00827896578432223,0.00110485036039851,0.00748860344894698,0.00906932811969749,23.695868225646
"567",0.255,0.745,3.755,10,5,0.0348043637561095,0.0109647050719263,0.0269606862609755,0.0426480412512436,10.0377585407305
"568",0.5,0.745,3.755,10,5,0.341866731619806,0.246612366028434,0.1654508724836,0.518282590756011,4.3837117560903
"569",0.745,0.745,3.755,10,5,0.655333381227655,0.246751992618089,0.478817639246283,0.831849123209027,8.39849797941168
"570",0.99,0.745,3.755,10,5,0.625315414664659,0.300723360430858,0.410190881993739,0.840439947335579,6.57554824979293
"571",0.01,0.99,3.755,10,5,0.00779164718828633,0.000887356923759039,0.00715687028481442,0.00842642409175825,27.7671263723891
"572",0.255,0.99,3.755,10,5,0.0359905978566946,0.0100607628120232,0.0287935616997809,0.0431876340136082,11.3124884966294
"573",0.5,0.99,3.755,10,5,0.337297485507765,0.24941686365536,0.15887540962636,0.51571956138917,4.27648831606681
"574",0.745,0.99,3.755,10,5,0.685028710857232,0.234303465885619,0.517418108443092,0.852639313271372,9.2454927234208
"575",0.99,0.99,3.755,10,5,0.674453515515947,0.26803356700048,0.482713852330203,0.866193178701692,7.95724695531992
"576",0.01,0.01,5.6275,10,5,0.00114115173942069,7.22680098851416e-05,0.00108945431946859,0.00119284915937278,49.9341085795455
"577",0.255,0.01,5.6275,10,5,0.0186273914086858,0.00273813630818164,0.016668646691139,0.0205861361262325,21.5128018071596
"578",0.5,0.01,5.6275,10,5,0.0164488748158085,0.00311338800406986,0.0142216912061309,0.0186760584254861,16.7071721535965
"579",0.745,0.01,5.6275,10,5,0.0135037119254604,0.0108338506792207,0.0057536420238249,0.0212537818270959,3.9415797591835
"580",0.99,0.01,5.6275,10,5,0.0088610469672894,0.00419845414883084,0.00585765379752207,0.0118644401370567,6.67414478687713
"581",0.01,0.255,5.6275,10,5,0.00900370884394643,0.00292166386799193,0.00691367641905344,0.0110937412688394,9.74520979220012
"582",0.255,0.255,5.6275,10,5,0.060467018700282,0.0218000971630163,0.0448721686438868,0.0760618687566772,8.7712224850666
"583",0.5,0.255,5.6275,10,5,0.451524876208413,0.268263463370944,0.2596207550664,0.643428997350427,5.32255496556304
"584",0.745,0.255,5.6275,10,5,0.618669907880809,0.254831240382459,0.436374620216147,0.800965195545472,7.67726133488844
"585",0.99,0.255,5.6275,10,5,0.587437530204917,0.316018721044716,0.361371355689563,0.813503704720272,5.87826117506705
"586",0.01,0.5,5.6275,10,5,0.00988731031504047,3.74780066786265e-05,0.00986050016414089,0.00991412046594004,834.26049833744
"587",0.255,0.5,5.6275,10,5,0.0562260592720712,0.0222058946130243,0.0403409192073875,0.0721111993367549,8.00699157831221
"588",0.5,0.5,5.6275,10,5,0.504952731185385,0.292006220617051,0.296064064680584,0.713841397690186,5.46837919375238
"589",0.745,0.5,5.6275,10,5,0.673513492893215,0.229858393362618,0.509082703805945,0.837944281980485,9.26586426208165
"590",0.99,0.5,5.6275,10,5,0.622763634431478,0.299242365316786,0.408698541843119,0.836828727019837,6.58112539193147
"591",0.01,0.745,5.6275,10,5,0.00891741029921353,6.82162265856003e-05,0.00886861135042627,0.0089662092480008,413.381519137134
"592",0.255,0.745,5.6275,10,5,0.0539021903041949,0.0244640881587107,0.036401635891586,0.0714027447168038,6.9675064579265
"593",0.5,0.745,5.6275,10,5,0.488779107177156,0.301333254213602,0.273218282776842,0.70433993157747,5.12938824298402
"594",0.745,0.745,5.6275,10,5,0.710357755477165,0.219280720238507,0.553493777908327,0.867221733046002,10.2441676515358
"595",0.99,0.745,5.6275,10,5,0.68508303133923,0.266102586208798,0.494724708598112,0.875441354080347,8.14130669013714
"596",0.01,0.99,5.6275,10,5,0.0079248835472864,0.000928317328367502,0.00726080533550647,0.00858896175906633,26.9958142923932
"597",0.255,0.99,5.6275,10,5,0.0475687753849413,0.0195109716641638,0.0336114670627838,0.0615260837070988,7.70979930218736
"598",0.5,0.99,5.6275,10,5,0.408547678635136,0.24874742696583,0.230604488912696,0.586490868357577,5.19378718011427
"599",0.745,0.99,5.6275,10,5,0.74955100395399,0.200809299291558,0.605900684922644,0.893201322985336,11.8036784318391
"600",0.99,0.99,5.6275,10,5,0.734153542327473,0.233817118057086,0.566890852191179,0.901416232463768,9.92911624831864
"601",0.01,0.01,7.5,10,5,0.00152537379608795,0.000108189439146627,0.00144797973364131,0.00160276785853458,44.5852711394292
"602",0.255,0.01,7.5,10,5,0.0218403791767441,0.00344365879137974,0.019376934078524,0.0243038242749642,20.0558032442444
"603",0.5,0.01,7.5,10,5,0.0194617205826624,0.00361235666361668,0.016877596296515,0.0220458448688097,17.0369013798807
"604",0.745,0.01,7.5,10,5,0.018360928124192,0.0144456474240893,0.00802713447815231,0.0286947217702316,4.01936660383014
"605",0.99,0.01,7.5,10,5,0.0121115223613874,0.00570512461796516,0.00803032206650281,0.0161927226562721,6.71326205100594
"606",0.01,0.255,7.5,10,5,0.0110220649575771,0.00114857618964379,0.0102004230482819,0.0118437068668722,30.3461190459472
"607",0.255,0.255,7.5,10,5,0.0796197927804561,0.0375826157562856,0.0527348090547553,0.106504776506157,6.69937115738844
"608",0.5,0.255,7.5,10,5,0.580498582987409,0.169167517072961,0.459483431383357,0.701513734591462,10.8513604296075
"609",0.745,0.255,7.5,10,5,0.667361153915144,0.222050819564419,0.508515566663291,0.826206741166997,9.50404629187964
"610",0.99,0.255,7.5,10,5,0.606665666793813,0.303891038202752,0.38927511395288,0.824056219634747,6.31293800777787
"611",0.01,0.5,7.5,10,5,0.00978359705319709,0.000584736417321962,0.00936530181889328,0.0102018922875009,52.9100796203349
"612",0.255,0.5,7.5,10,5,0.0756528263354676,0.0475312730884426,0.0416510018820726,0.109654650788863,5.03321765028462
"613",0.5,0.5,7.5,10,5,0.667060710823586,0.187554163451436,0.532892544755051,0.801228876892122,11.2470506918907
"614",0.745,0.5,7.5,10,5,0.719286721041652,0.203478959485027,0.573726642154312,0.864846799928991,11.1784743492024
"615",0.99,0.5,7.5,10,5,0.661864377242886,0.269238939840205,0.469262442271975,0.854466312213797,7.77376012347487
"616",0.01,0.745,7.5,10,5,0.0089454954336331,0.000295058830522578,0.00873442306155115,0.00915656780571505,95.872881753158
"617",0.255,0.745,7.5,10,5,0.0768851222713822,0.045125166031753,0.0446045231174948,0.10916572142527,5.38794925179938
"618",0.5,0.745,7.5,10,5,0.589275879993651,0.274077414484401,0.39321270877165,0.785339051215652,6.79900587388984
"619",0.745,0.745,7.5,10,5,0.769203010313662,0.186129282337378,0.636054142790255,0.902351877837069,13.0685159535517
"620",0.99,0.745,7.5,10,5,0.729618876387213,0.239522211000822,0.558275008614412,0.900962744160014,9.63274956253855
"621",0.01,0.99,7.5,10,5,0.00842441401085259,9.9479418211203e-05,0.00835325072203326,0.00849557729967191,267.79746710992
"622",0.255,0.99,7.5,10,5,0.0688426427857095,0.0371367848291447,0.0422765872926342,0.0954086982787848,5.86210013467165
"623",0.5,0.99,7.5,10,5,0.497337165239141,0.229057112070526,0.333479578257794,0.661194752220488,6.8660527193016
"624",0.745,0.99,7.5,10,5,0.836556283653494,0.138048929196219,0.737802028791124,0.935310538515864,19.1629392757607
"625",0.99,0.99,7.5,10,5,0.780855339690781,0.200312556665056,0.637560368927793,0.924150310453769,12.3271423301548
