"","lambda","mu","p","phi","m","s","l_conf","u_conf","t_stat"
"1",0.01,0.01,1,5,0.000186648744257067,3.29252171599499e-11,0.000186648744257067,0.000186648744257067,NA
"2",0.255,0.01,1,5,0.0132819945164526,1.17333495622108e-06,0.0132811551631886,0.0132828338697165,35796.5594727777
"3",0.5,0.01,1,5,0.00561060514822589,6.48518497241378e-07,0.00561060514822589,0.00561060514822589,NA
"4",0.745,0.01,1,5,0.00231186467116913,1.51383747383774e-07,0.00231186467116913,0.00231186467116913,NA
"5",0.99,0.01,1,5,0.00120460905989064,3.17670876113502e-08,0.00120460905989064,0.00120460905989064,NA
"6",0.01,0.255,1,5,0.00479606142146054,2.64062001195132e-08,0.00479606142146054,0.00479606142146054,NA
"7",0.255,0.255,1,5,0.264741949951409,2.44073852504574e-05,0.264724489959814,0.264759409943005,34300.5834279224
"8",0.5,0.255,1,5,0.109631168403247,2.19076061173231e-05,0.109615496645917,0.109646840160576,15824.8323821017
"9",0.745,0.255,1,5,0.0477232158766644,1.38260888006982e-05,0.0477133252885582,0.0477331064647705,10915.1663650929
"10",0.99,0.255,1,5,0.0259527458780388,8.44335585817742e-06,0.0259467058651161,0.0259587858909615,9720.04377035277
"11",0.01,0.5,1,5,0.00950051082679499,1.1070882120321e-07,0.00950051082679499,0.00950051082679499,NA
"12",0.255,0.5,1,5,0.457679707537229,9.86412549183691e-05,0.457609143834309,0.457750271240148,14672.4645368219
"13",0.5,0.5,1,5,0.199738731693961,0.000103593193140771,0.199664625587836,0.199812837800085,6097.20880258869
"14",0.745,0.5,1,5,0.0908878579188149,6.76354384289549e-05,0.0908394744408464,0.0909362413967834,4249.43859836331
"15",0.99,0.5,1,5,0.050184022404462,3.56054840317563e-05,0.0501585517755695,0.0502094930333545,4457.06096301007
"16",0.01,0.745,1,5,0.0143404552144348,2.67422958114551e-07,0.0143404552144348,0.0143404552144348,NA
"17",0.255,0.745,1,5,0.638733552957071,0.000262553730313677,0.638545733332903,0.638921372581239,7693.1028285257
"18",0.5,0.745,1,5,0.29722022082672,0.000319581684814527,0.296991605861466,0.297448835791974,2941.00979227307
"19",0.745,0.745,1,5,0.140740324875641,0.000221518876012157,0.140581859817883,0.140898789933399,2009.12894310034
"20",0.99,0.745,1,5,0.0784493101290425,0.000118457164965125,0.078364570978023,0.078534049280062,2094.2464809936
"21",0.01,0.99,1,5,0.0193632948786097,5.18979287418097e-07,0.0193632948786097,0.0193632948786097,NA
"22",0.255,0.99,1,5,0.885314941610593,6.07579886367872e-05,0.885271477963829,0.885358405257357,46078.0833085934
"23",0.5,0.99,1,5,0.411357459671873,0.000811568939351287,0.410776898226437,0.411938021117309,1602.85398071515
"24",0.745,0.99,1,5,0.201011347226626,0.000572085996882429,0.200602101557947,0.201420592895305,1111.11562988622
"25",0.99,0.99,1,5,0.112736329194325,0.000316747162022909,0.112509741924526,0.112962916464125,1125.51466293743
"26",0.01,0.01,3.25,5,0.00134379242680229,5.030258532877e-09,0.00134379242680229,0.00134379242680229,NA
"27",0.255,0.01,3.25,5,0.00203779065665841,1.39665729313737e-07,0.00203779065665841,0.00203779065665841,NA
"28",0.5,0.01,3.25,5,0.000532403623657895,4.71114525415883e-08,0.000532403623657895,0.000532403623657895,NA
"29",0.745,0.01,3.25,5,0.000339853195990125,1.35055198377035e-07,0.000339853195990125,0.000339853195990125,NA
"30",0.99,0.01,3.25,5,0.000265343677901098,3.06228423854686e-07,0.000265343677901098,0.000265343677901098,NA
"31",0.01,0.255,3.25,5,0.0248266507087966,7.75879336510753e-07,0.0248266507087966,0.0248266507087966,NA
"32",0.255,0.255,3.25,5,0.0356839209476807,1.8013127102062e-05,0.0356710351328101,0.0356968067625513,6264.45732607683
"33",0.5,0.255,3.25,5,0.0110586871154764,2.11578993913434e-05,0.011043551666031,0.0110738225649218,1652.84079337152
"34",0.745,0.255,3.25,5,0.00795999986089673,8.26919211605251e-05,0.00790084562402656,0.00801915409776689,304.40373596101
"35",0.99,0.255,3.25,5,0.00739119252284088,0.000162513358226394,0.00727493746972115,0.00750744757596062,143.822041782084
"36",0.01,0.5,3.25,5,0.0367410296279047,2.26483201410416e-06,0.0367394094646825,0.0367426497911268,51299.7593112282
"37",0.255,0.5,3.25,5,0.0568928364733706,5.76188467173122e-05,0.0568516184334573,0.0569340545132839,3122.43226050716
"38",0.5,0.5,3.25,5,0.0194406946171557,8.06750284007354e-05,0.0193829831784499,0.0194984060558616,762.031021304566
"39",0.745,0.5,3.25,5,0.0153161182185943,0.000339446764788433,0.0150732926311935,0.0155589438059951,142.684578282389
"40",0.99,0.5,3.25,5,0.0164003254337695,0.00051546991297069,0.0160315804717058,0.0167690703958332,100.611852280211
"41",0.01,0.745,3.25,5,0.0431680959544846,4.61397668764107e-06,0.0431647953143971,0.0431713965945721,29586.0847833332
"42",0.255,0.745,3.25,5,0.0719564279078686,0.000112540035107398,0.0718759216165563,0.0720369341991808,2021.91339518794
"43",0.5,0.745,3.25,5,0.0270085420488024,0.000198778097335101,0.026866344764118,0.0271507393334867,429.667605735576
"44",0.745,0.745,3.25,5,0.0233707395245162,0.000825358647680628,0.0227803135159953,0.0239611655330372,89.5426100007246
"45",0.99,0.745,3.25,5,0.0285982136734993,0.000988285619051263,0.0278912367308394,0.0293051906161591,91.5074452942512
"46",0.01,0.99,3.25,5,0.0468885302929151,7.94110023460492e-06,0.0468828495720213,0.046894211013809,18671.7894854516
"47",0.255,0.99,3.25,5,0.082713660793208,0.000183293947051716,0.082582540202362,0.0828447813840541,1427.01690876517
"48",0.5,0.99,3.25,5,0.0341106151443785,0.00039637723444954,0.0338270639523454,0.0343941663364115,272.132773708529
"49",0.745,0.99,3.25,5,0.0328466409223147,0.00157931447084499,0.0317168674088964,0.0339764144357331,65.76916802683
"50",0.99,0.99,3.25,5,0.0465854606252076,0.00231093709406823,0.0449323158157021,0.0482386054347131,63.7473697583039
"51",0.01,0.01,5.5,5,0.00179303388335594,1.18940485935146e-08,0.00179303388335594,0.00179303388335594,NA
"52",0.255,0.01,5.5,5,0.00135038120076887,8.35941419931917e-08,0.00135038120076887,0.00135038120076887,NA
"53",0.5,0.01,5.5,5,0.000426805900334259,1.31111953262036e-07,0.000426805900334259,0.000426805900334259,NA
"54",0.745,0.01,5.5,5,0.000288049738842089,3.62578864612689e-07,0.000288049738842089,0.000288049738842089,NA
"55",0.99,0.01,5.5,5,0.000309340770330335,2.0743146820425e-06,0.00030785689499738,0.000310824645663291,471.587756603872
"56",0.01,0.255,5.5,5,0.0231028622180714,1.70821671830314e-06,0.0231016402334451,0.0231040842026978,42768.3819595955
"57",0.255,0.255,5.5,5,0.0213501540248631,1.80363165672068e-05,0.0213372516212484,0.0213630564284777,3743.28732046835
"58",0.5,0.255,5.5,5,0.00885076045194197,6.82757422343846e-05,0.00880191892822433,0.00889960197565961,409.934204107157
"59",0.745,0.255,5.5,5,0.00776016993095145,0.000211222298934863,0.0076090706007134,0.00791126926118951,116.180025193864
"60",0.99,0.255,5.5,5,0.0139318742108269,0.000653205084893712,0.013464599442333,0.0143991489793207,67.4465885218002
"61",0.01,0.5,5.5,5,0.028082687565937,5.9826292333774e-06,0.0280784078507991,0.028086967281075,14843.8507657807
"62",0.255,0.5,5.5,5,0.0309067667541346,5.05735890043847e-05,0.0308705885879806,0.0309429449202886,1932.54582043131
"63",0.5,0.5,5.5,5,0.0153647497764486,0.000255722534808352,0.0151818168951611,0.0155476826577361,190.001264489865
"64",0.745,0.5,5.5,5,0.0162306002010461,0.000619700645689017,0.015787293064518,0.0166739073375742,82.8233192654267
"65",0.99,0.5,5.5,5,0.0301756008284539,0.00363204194542913,0.027577394540016,0.0327738071168917,26.2727220157981
"66",0.01,0.745,5.5,5,0.0295614084358733,1.32868816295935e-05,0.0295519035733408,0.0295709132984059,7035.6148346853
"67",0.255,0.745,5.5,5,0.0360321350406283,9.31074375755636e-05,0.0359655299921614,0.0360987400890952,1223.78639831727
"68",0.5,0.745,5.5,5,0.0211751863243307,0.000564638565916181,0.0207712682268252,0.0215791044218362,118.592357492765
"69",0.745,0.745,5.5,5,0.0261222325874513,0.00105192357451543,0.0253697317938684,0.0268747333810343,78.5282833717955
"70",0.99,0.745,5.5,5,0.0526740851143168,0.00849312583820935,0.0465984688926759,0.0587497013359578,19.6123412981163
"71",0.01,0.99,5.5,5,0.0301157934002534,2.33841296467151e-05,0.0300990654016205,0.0301325213988863,4072.61258497366
"72",0.255,0.99,5.5,5,0.0387892428822525,0.000149443515029361,0.0386823374317237,0.0388961483327813,820.794105366788
"73",0.5,0.99,5.5,5,0.0267393095785353,0.00097617490249003,0.0260409961206039,0.0274376230364668,86.6208720515557
"74",0.745,0.99,5.5,5,0.0383418188896275,0.00159151185683799,0.0372033198919043,0.0394803178873508,76.1838353914532
"75",0.99,0.99,5.5,5,0.0854469135971581,0.0123133796543593,0.0766384524255735,0.0942553747687427,21.9441675302336
"76",0.01,0.01,7.75,5,0.00199569056912621,1.80811433933381e-08,0.00199569056912621,0.00199569056912621,NA
"77",0.255,0.01,7.75,5,0.00114019899046642,9.18048823006184e-08,0.00114019899046642,0.00114019899046642,NA
"78",0.5,0.01,7.75,5,0.000394100894442273,2.26936169646463e-07,0.000394100894442273,0.000394100894442273,NA
"79",0.745,0.01,7.75,5,0.000273302044699508,6.6580866263707e-07,0.000273302044699508,0.000273302044699508,NA
"80",0.99,0.01,7.75,5,0.000439915648516265,8.94183172287141e-06,0.000433519047441281,0.000446312249591248,155.576113572259
"81",0.01,0.255,7.75,5,0.0191551486154608,2.8698907439175e-06,0.0191530956192978,0.0191572016116239,21106.6914906982
"82",0.255,0.255,7.75,5,0.0163309571113645,2.04068752769836e-05,0.0163163589122058,0.0163455553105232,2530.66773533344
"83",0.5,0.255,7.75,5,0.00819363783989913,0.000120785241611919,0.0081072332831727,0.00828004239662555,214.517581376982
"84",0.745,0.255,7.75,5,0.00849297552428974,0.00030057890691972,0.0082779543274356,0.00870799672114387,89.3514020795591
"85",0.99,0.255,7.75,5,0.0230904414325817,0.00284292391955132,0.0210567361735815,0.025124146691582,25.6842564809837
"86",0.01,0.5,7.75,5,0.0210373204559552,1.10016060446645e-05,0.0210294503810944,0.021045190530816,6046.92153469116
"87",0.255,0.5,7.75,5,0.0220953935966005,5.58289213493296e-05,0.0220554559921603,0.0221353312010406,1251.53357568847
"88",0.5,0.5,7.75,5,0.0142789201692873,0.000411714655980829,0.0139843972468421,0.0145734430917325,109.672827058086
"89",0.745,0.5,7.75,5,0.0178261721812463,0.000831954560042191,0.0172310277412663,0.0184213166212263,67.7576742318853
"90",0.99,0.5,7.75,5,0.0400758082169312,0.00849699307824142,0.0339974255384263,0.0461541908954362,14.9147859567073
"91",0.01,0.745,7.75,5,0.0213526496324636,2.45496860507401e-05,0.0213350878450078,0.0213702114199194,2750.46315372764
"92",0.255,0.745,7.75,5,0.0245931188387403,0.000105959391891987,0.0245173200559979,0.0246689176214827,733.962973068894
"93",0.5,0.745,7.75,5,0.0198552757978574,0.000806609385293673,0.0192782622036668,0.020432289392048,77.8417611260328
"94",0.745,0.745,7.75,5,0.0285206514361003,0.00182726578419945,0.0272135042383294,0.0298277986338713,49.3580187785012
"95",0.99,0.745,7.75,5,0.0693373365094098,0.0147739007025216,0.0587687246137361,0.0799059484050835,14.8413012023195
"96",0.01,0.99,7.75,5,0.0214102484731019,4.41085788357763e-05,0.0213786950966192,0.0214418018495847,1534.96558338962
"97",0.255,0.99,7.75,5,0.0256419053905134,0.00016023625458578,0.0255272792792086,0.0257565315018182,506.045431417415
"98",0.5,0.99,7.75,5,0.0253359657663249,0.00127782256060568,0.0244218665729905,0.0262500649596593,62.6999092140491
"99",0.745,0.99,7.75,5,0.0418226200358366,0.00281928784170655,0.0398058230083527,0.0438394170633205,46.9106896687006
"100",0.99,0.99,7.75,5,0.110327543723255,0.0204309272317076,0.0957121388326689,0.124942948613841,17.0763824304483
"101",0.01,0.01,10,5,0.00209705549452033,2.35690729214401e-08,0.00209705549452033,0.00209705549452033,NA
"102",0.255,0.01,10,5,0.0010389993495953,1.10443860427182e-07,0.0010389993495953,0.0010389993495953,NA
"103",0.5,0.01,10,5,0.000377986440604916,3.27896496485044e-07,0.000377986440604916,0.000377986440604916,NA
"104",0.745,0.01,10,5,0.00026952848491939,1.04483677818646e-06,0.000268781053714502,0.000270275916124278,815.748377578181
"105",0.99,0.01,10,5,0.000620167998823096,2.57150992208617e-05,0.000601772525007731,0.00063856347263846,76.2642753732252
"106",0.01,0.255,10,5,0.0158140082050487,4.24486856752637e-06,0.015810971609004,0.0158170448010935,11780.8794475082
"107",0.255,0.255,10,5,0.0135829806474629,2.31693507602713e-05,0.0135664062923896,0.0135995550025361,1853.87828534338
"108",0.5,0.255,10,5,0.00789108098340368,0.000170424570961335,0.0077691665896194,0.00801299537718795,146.421311009539
"109",0.745,0.255,10,5,0.00933028976722663,0.000404007771283568,0.00904128001797311,0.00961929951648015,73.0306914643214
"110",0.99,0.255,10,5,0.0270359240962917,0.00515863679115494,0.0233456576423446,0.0307261905502387,16.5731960308394
"111",0.01,0.5,10,5,0.0165106701396669,1.65526608132633e-05,0.0164988290794419,0.0165225111998918,3154.25561642885
"112",0.255,0.5,10,5,0.0174848730589594,6.54641970787957e-05,0.0174380427934852,0.0175317033244335,844.614704411255
"113",0.5,0.5,10,5,0.013832464651095,0.00051891124604358,0.0134612579076518,0.0142036713945381,84.2959066405601
"114",0.745,0.5,10,5,0.0189279792741319,0.00146459334597175,0.0178802723096523,0.0199756862386114,40.8683585620169
"115",0.99,0.5,10,5,0.0460441508548301,0.0109225246058715,0.0382306474473853,0.0538576542622748,13.3306533867985
"116",0.01,0.745,10,5,0.0165375142308364,3.78252148739066e-05,0.0165104557021565,0.0165645727595163,1382.57540588267
"117",0.255,0.745,10,5,0.0188861931192075,0.000119539273407442,0.0188006798744408,0.0189717063639742,499.613096885176
"118",0.5,0.745,10,5,0.0193501957965041,0.000925599312179919,0.0186880619363745,0.0200123296566337,66.1092668090429
"119",0.745,0.745,10,5,0.030142545246224,0.00302777948860522,0.027976602279294,0.0323084882131541,31.4815189849438
"120",0.99,0.745,10,5,0.0805034615069524,0.0192299591974674,0.06674717739351,0.0942597456203948,13.2384211154846
"121",0.01,0.99,10,5,0.0164653504669896,7.11451804910392e-05,0.0164144562707989,0.0165162446631804,731.855757329372
"122",0.255,0.99,10,5,0.0193490266915305,0.000164254263994539,0.0192315262694469,0.0194665271136142,372.513890139637
"123",0.5,0.99,10,5,0.0248094742743414,0.00137510169792579,0.0238257857783182,0.0257931627703646,57.0535592942783
"124",0.745,0.99,10,5,0.0443127281473757,0.00440550078487881,0.0411612227366534,0.0474642335580979,31.8077687700186
"125",0.99,0.99,10,5,0.127788453068692,0.0255945330939786,0.109479227064819,0.146097679072564,15.7886283325742
