"","lambda","mu","rho","phi","a0","m","s","l_conf","u_conf","t_stat"
"1",0.01,0.01,0.01,5,0.5,1.82168488769285e-05,7.05037583420924e-12,1.82168488769285e-05,1.82168488769285e-05,NA
"2",0.255,0.01,0.01,5,0.5,0.000924833767468325,9.45248657378102e-08,0.000924833767468325,0.000924833767468325,NA
"3",0.5,0.01,0.01,5,0.5,0.000323901423518369,3.62142787410571e-08,0.000323901423518369,0.000323901423518369,NA
"4",0.745,0.01,0.01,5,0.5,0.000129232656440426,7.31908236580487e-09,0.000129232656440426,0.000129232656440426,NA
"5",0.99,0.01,0.01,5,0.5,6.97439246479359e-05,5.06246243534042e-09,6.97439246479359e-05,6.97439246479359e-05,NA
"6",0.01,0.255,0.01,5,0.5,0.000468067368579117,1.83991338863553e-10,0.000468067368579117,0.000468067368579117,NA
"7",0.255,0.255,0.01,5,0.5,0.0216947371485723,2.18835888187563e-06,0.0216931716909334,0.0216963026062112,31349.8773881888
"8",0.5,0.255,0.01,5,0.5,0.00751936041442445,7.2186957018177e-07,0.00751936041442445,0.00751936041442445,NA
"9",0.745,0.255,0.01,5,0.5,0.0030797873829236,1.22791305056936e-07,0.0030797873829236,0.0030797873829236,NA
"10",0.99,0.255,0.01,5,0.5,0.00170247861724879,9.3707195408197e-08,0.00170247861724879,0.00170247861724879,NA
"11",0.01,0.5,0.01,5,0.5,0.000924733919366005,3.69200792785144e-10,0.000924733919366005,0.000924733919366005,NA
"12",0.255,0.5,0.01,5,0.5,0.0392515809874882,3.87059632490626e-06,0.039248812129677,0.0392543498452994,32068.5463592047
"13",0.5,0.5,0.01,5,0.5,0.013520926611117,1.11260860165592e-06,0.0135201306988702,0.0135217225233638,38429.4388012776
"14",0.745,0.5,0.01,5,0.5,0.00567358033037344,1.53585381434782e-07,0.00567358033037344,0.00567358033037344,NA
"15",0.99,0.5,0.01,5,0.5,0.0032058322629644,1.47036594279269e-07,0.0032058322629644,0.0032058322629644,NA
"16",0.01,0.745,0.01,5,0.5,0.00138824284550121,5.62941940012309e-10,0.00138824284550121,0.00138824284550121,NA
"17",0.255,0.745,0.01,5,0.5,0.0541355121051588,5.17699499680194e-06,0.0541318087060357,0.054139215504282,33067.7392305133
"18",0.5,0.745,0.01,5,0.5,0.0185930229508531,1.31281056621731e-06,0.0185920838227483,0.0185939620789578,44786.5843142126
"19",0.745,0.745,0.01,5,0.5,0.00797911141634948,1.72155632167344e-07,0.00797911141634948,0.00797911141634948,NA
"20",0.99,0.745,0.01,5,0.5,0.0046004134063107,2.22681715228539e-07,0.0046004134063107,0.0046004134063107,NA
"21",0.01,0.99,0.01,5,0.5,0.00185862022878551,7.65478880353934e-10,0.00185862022878551,0.00185862022878551,NA
"22",0.255,0.99,0.01,5,0.5,0.0667983842357752,6.1536967198454e-06,0.0667939821463295,0.066802786325221,34326.5272600959
"23",0.5,0.99,0.01,5,0.5,0.022930265432319,1.39831568613791e-06,0.0229292651375362,0.0229312657271018,51856.5777650884
"24",0.745,0.99,0.01,5,0.5,0.0100486579477222,2.62128164766808e-07,0.0100486579477222,0.0100486579477222,NA
"25",0.99,0.99,0.01,5,0.5,0.00590278135862334,3.57470606384786e-07,0.00590278135862334,0.00590278135862334,NA
"26",0.01,0.01,1.8825,5,0.5,0.00455983875571806,5.73046919216524e-09,0.00455983875571806,0.00455983875571806,NA
"27",0.255,0.01,1.8825,5,0.5,0.0778553437942551,3.87552742232271e-05,0.0778276199411967,0.0778830676473134,6352.68926203977
"28",0.5,0.01,1.8825,5,0.5,0.0668289538178813,0.000136664293204146,0.0667311900719381,0.0669267175638245,1546.35642387604
"29",0.745,0.01,1.8825,5,0.5,0.0662673647433062,0.000279542538184126,0.0660673920581036,0.0664673374285087,749.638350167512
"30",0.99,0.01,1.8825,5,0.5,0.072732564835761,0.000629950093528202,0.0722819256859388,0.0731832039855833,365.109184536661
"31",0.01,0.255,1.8825,5,0.5,0.0324631606097487,7.66144796425253e-07,0.0324631606097487,0.0324631606097487,NA
"32",0.255,0.255,1.8825,5,0.5,0.0465155113283921,7.78537380191282e-05,0.0464598181192445,0.0465712045375398,1889.37572000645
"33",0.5,0.255,1.8825,5,0.5,0.075903509570899,0.000334474850684494,0.0756642406765883,0.0761427784652097,717.626369077436
"34",0.745,0.255,1.8825,5,0.5,0.11285517471552,0.00263979612323205,0.110966778328411,0.114743571102629,135.192030436177
"35",0.99,0.255,1.8825,5,0.5,0.11436516941292,0.00623760826700183,0.10990305326238,0.118827285563459,57.97966221269
"36",0.01,0.5,1.8825,5,0.5,3.51428739663762e-05,7.83459679827343e-08,3.51428739663762e-05,3.51428739663762e-05,NA
"37",0.255,0.5,1.8825,5,0.5,0.0194134760725786,3.54102630534038e-05,0.0193881450963611,0.0194388070487961,1733.70080865941
"38",0.5,0.5,1.8825,5,0.5,0.0736079737073837,0.000561583604341116,0.0732062409977383,0.074009706417029,414.48655029418
"39",0.745,0.5,1.8825,5,0.5,0.181318805401858,0.00393934525173496,0.178500767571026,0.184136843232689,145.552210088259
"40",0.99,0.5,1.8825,5,0.5,0.454476554302713,0.180417374420309,0.32541373955405,0.583539369051376,7.96586836140097
"41",0.01,0.745,1.8825,5,0.5,1.21286134469045e-09,5.11406132403389e-13,1.21286134469045e-09,1.21286134469045e-09,NA
"42",0.255,0.745,1.8825,5,0.5,0.0109504177964986,6.42889334496417e-05,0.0109044282639779,0.0109964073290193,538.634873986553
"43",0.5,0.745,1.8825,5,0.5,0.0689411218566061,0.000976805020669513,0.0682423576392833,0.0696398860739289,223.187806062529
"44",0.745,0.745,1.8825,5,0.5,0.274236949010834,0.0261559396315704,0.255526116963238,0.29294778105843,33.1555046259153
"45",0.99,0.745,1.8825,5,0.5,0.711406254717505,0.224164582350709,0.551048572658896,0.871763936776115,10.0357696251836
"46",0.01,0.99,1.8825,5,0.5,0,0,0,0,NA
"47",0.255,0.99,1.8825,5,0.5,0.00829431479746889,3.14521132005716e-05,0.00827181531108349,0.00831681428385429,833.932086635223
"48",0.5,0.99,1.8825,5,0.5,0.0637047894156983,0.00132142426343603,0.0627594994431321,0.0646500793882644,152.450835049122
"49",0.745,0.99,1.8825,5,0.5,0.379869879771556,0.0582218410083045,0.33822048372794,0.421519275815173,20.6323608764123
"50",0.99,0.99,1.8825,5,0.5,0.825761119760469,0.153118540920859,0.71622671408058,0.935295525440357,17.0540153135591
"51",0.01,0.01,3.755,5,0.5,0.010168849129611,2.72387128967752e-08,0.010168849129611,0.010168849129611,NA
"52",0.255,0.01,3.755,5,0.5,0.0210145979501946,9.16539253138542e-05,0.0209490326817621,0.0210801632186272,725.05343778523
"53",0.5,0.01,3.755,5,0.5,0.0256336578368419,0.000273982571341422,0.0254376625123172,0.0258296531613665,295.860948851494
"54",0.745,0.01,3.755,5,0.5,0.0376040413820183,0.00125500739151869,0.0367062631774512,0.0385018195865854,94.7519678354283
"55",0.99,0.01,3.755,5,0.5,0.100526014285892,0.00625118047137221,0.0960541891652265,0.104997839406557,50.8529822003781
"56",0.01,0.255,3.755,5,0.5,0.000940966714701919,1.35606527443823e-06,0.000939996644042902,0.000941936785360935,2194.28819316725
"57",0.255,0.255,3.755,5,0.5,0.0169957408065697,8.10759259131923e-05,0.0169377425830597,0.0170537390300797,662.900248936686
"58",0.5,0.255,3.755,5,0.5,0.0312453486814163,0.00040961243624894,0.0309523295963741,0.0315383677664584,241.219404919056
"59",0.745,0.255,3.755,5,0.5,0.0538421894951267,0.00411427024841351,0.0508990178598944,0.0567853611303589,41.3837552554178
"60",0.99,0.255,3.755,5,0.5,0.152901918596279,0.049093787019844,0.11778233901138,0.188021498181177,9.84886990238613
"61",0.01,0.5,3.755,5,0.5,4.65219988821097e-07,4.13454214224083e-11,4.65219988821097e-07,4.65219988821097e-07,NA
"62",0.255,0.5,3.755,5,0.5,0.00900986480467361,5.31346650152169e-05,0.00897185455510853,0.00904787505423868,536.216689891564
"63",0.5,0.5,3.755,5,0.5,0.0356838878906269,0.00900346748232605,0.0292431952494626,0.0421245805317911,12.5332114239312
"64",0.745,0.5,3.755,5,0.5,0.343269174023919,0.159117791992619,0.229443162659196,0.457095185388643,6.82206827311082
"65",0.99,0.5,3.755,5,0.5,0.69235770334915,0.238290974559796,0.52189460906732,0.862820797630981,9.18804122645061
"66",0.01,0.745,3.755,5,0.5,1.3434808820989e-12,2.15788568304631e-16,1.3434808820989e-12,1.3434808820989e-12,NA
"67",0.255,0.745,3.755,5,0.5,0.00516512094643673,5.99695310642255e-05,0.00512222132824211,0.00520802056463135,272.36408708102
"68",0.5,0.745,3.755,5,0.5,0.0272798865341679,0.00426823471156824,0.0242265753569438,0.0303331977113919,20.2113008277446
"69",0.745,0.745,3.755,5,0.5,0.654703479911688,0.171734218061121,0.531852221030193,0.777554738793183,12.055571754619
"70",0.99,0.745,3.755,5,0.5,0.988316155068579,0.0128357770703743,0.979133993297787,0.997498316839371,243.485850620631
"71",0.01,0.99,3.755,5,0.5,0,0,0,0,NA
"72",0.255,0.99,3.755,5,0.5,0.00307567646353877,8.19469399906163e-05,0.00301705515409332,0.00313429777298422,118.688299668884
"73",0.5,0.99,3.755,5,0.5,0.0156942048704114,0.00412234365428429,0.0127452578685348,0.018643151872288,12.0391305572568
"74",0.745,0.99,3.755,5,0.5,0.173185870864649,0.112609990031242,0.0926295368145117,0.253742204914785,4.86335013740914
"75",0.99,0.99,3.755,5,0.5,0.995383877802138,0.00992708051794487,0.988282472197499,1.00248528340678,317.080152052309
"76",0.01,0.01,5.6275,5,0.5,0.0103086601056194,5.80424607913498e-08,0.0103086601056194,0.0103086601056194,NA
"77",0.255,0.01,5.6275,5,0.5,0.00439036263376493,9.240959026362e-05,0.00432425679519193,0.00445646847233793,150.239229902295
"78",0.5,0.01,5.6275,5,0.5,0.00705241803883396,0.00118636796437364,0.00620374152249692,0.007901094555171,18.7983026211835
"79",0.745,0.01,5.6275,5,0.5,0.0271245150857528,0.00237113528876607,0.0254283070819432,0.0288207230895623,36.1747591986678
"80",0.99,0.01,5.6275,5,0.5,0.110516920482863,0.00683586014734701,0.105626840718208,0.115407000247517,51.125268975726
"81",0.01,0.255,5.6275,5,0.5,0.00030565979429944,1.40751773230355e-07,0.00030565979429944,0.00030565979429944,NA
"82",0.255,0.255,5.6275,5,0.5,0.00427643692667239,0.000178849087526956,0.00414849599678343,0.00440437785656135,75.6128037628206
"83",0.5,0.255,5.6275,5,0.5,0.0141540692368193,0.00123241226923473,0.0132724546090192,0.0150356838646193,36.3182824980014
"84",0.745,0.255,5.6275,5,0.5,0.0935537910141123,0.0545376929851599,0.0545398757014703,0.132567706326754,5.42456138415113
"85",0.99,0.255,5.6275,5,0.5,0.283286164138115,0.119190802494359,0.19802220044559,0.36855012783064,7.51592815503657
"86",0.01,0.5,5.6275,5,0.5,7.34578759375992e-08,1.3696863298133e-10,7.34578759375992e-08,7.34578759375992e-08,NA
"87",0.255,0.5,5.6275,5,0.5,0.0036674981127427,0.000101110423464502,0.00359516807305175,0.00373982815243365,114.702786846775
"88",0.5,0.5,5.6275,5,0.5,0.032475719671899,0.0124012619848942,0.0236043912682534,0.0413470480755445,8.28119290935319
"89",0.745,0.5,5.6275,5,0.5,0.778907108209069,0.269925046285719,0.585814362254128,0.971999854164009,9.12520190893529
"90",0.99,0.5,5.6275,5,0.5,0.593050063272888,0.31071827908535,0.370775596517862,0.815324530027914,6.03565703301978
"91",0.01,0.745,5.6275,5,0.5,8.03801469828613e-14,0,8.03801469828613e-14,8.03801469828613e-14,NA
"92",0.255,0.745,5.6275,5,0.5,0.00184074612543006,0.00016285346917224,0.00172424777159642,0.0019572444792637,35.7434838820198
"93",0.5,0.745,5.6275,5,0.5,0.0103305212273633,0.00984459955716945,0.0032881189476264,0.0173729235071002,3.31836519154254
"94",0.745,0.745,5.6275,5,0.5,0.464149175555343,0.315110312750176,0.238732837186928,0.689565513923757,4.65795154729798
"95",0.99,0.745,5.6275,5,0.5,0.988579312092454,0.0156446977359268,0.977387769525235,0.999770854659673,199.82247830558
"96",0.01,0.99,5.6275,5,0.5,0,0,0,0,NA
"97",0.255,0.99,5.6275,5,0.5,0.00113991734937893,0.00032226009871727,0.00090938636224274,0.00137044833651511,11.1857942783723
"98",0.5,0.99,5.6275,5,0.5,0.00634693336920209,0.0522488517326309,-0.0310296435467727,0.0437235102851769,0.384137927216307
"99",0.745,0.99,5.6275,5,0.5,0.31346395741583,0.258933375853262,0.128234178812901,0.498693736018758,3.82824371920983
"100",0.99,0.99,5.6275,5,0.5,0.822234994366314,0.292629009326797,0.612900811657036,1.03156917707559,8.8854326509698
"101",0.01,0.01,7.5,5,0.5,0.00800278407446515,5.34666009938275e-07,0.00800278407446515,0.00800278407446515,NA
"102",0.255,0.01,7.5,5,0.5,0.00362186908109403,0.000175051476364325,0.00349664479857645,0.00374709336361161,65.4285009248421
"103",0.5,0.01,7.5,5,0.5,0.00504506415527384,0.000531511867101232,0.00466484347053761,0.00542528484001007,30.0160629702368
"104",0.745,0.01,7.5,5,0.5,0.033401897921168,0.00495656215762104,0.0298561869518409,0.036947608890495,21.3103502476867
"105",0.99,0.01,7.5,5,0.5,0.110965594428457,0.00582307752379207,0.10680001570781,0.115131173149104,60.2609219737642
"106",0.01,0.255,7.5,5,0.5,0.000162222870254913,7.0779973912785e-09,0.000162222870254913,0.000162222870254913,NA
"107",0.255,0.255,7.5,5,0.5,3.42198624817103e-05,3.82214073248243e-05,6.87791479597949e-06,6.1561810167441e-05,2.83120675647293
"108",0.5,0.255,7.5,5,0.5,0.00527030430774211,0.00187266632244082,0.00393067952140539,0.00660992909407884,8.89969845398807
"109",0.745,0.255,7.5,5,0.5,0.125165687716234,0.0982480649489553,0.0548832559567443,0.195448119475723,4.02866619602432
"110",0.99,0.255,7.5,5,0.5,0.316286492903903,0.126736092018934,0.225624954242425,0.406948031565381,7.89187748170106
"111",0.01,0.5,7.5,5,0.5,2.86052815434701e-08,4.75306979440425e-12,2.86052815434701e-08,2.86052815434701e-08,NA
"112",0.255,0.5,7.5,5,0.5,0.0014320677535625,0.000324288666894924,0.0012000856161712,0.00166404989095381,13.964705915565
"113",0.5,0.5,7.5,5,0.5,0.0197150443785745,0.0153423972241358,0.00873975457014381,0.0306903341870052,4.06353997336985
"114",0.745,0.5,7.5,5,0.5,0.437254200616793,0.226128936359914,0.275491304351928,0.599017096881658,6.11473795739476
"115",0.99,0.5,7.5,5,0.5,0.510018856718606,0.299647288739863,0.29566409936316,0.724373614074053,5.38239889854644
"116",0.01,0.745,7.5,5,0.5,1.09690034832965e-14,1.87244451657424e-16,1.09690034832965e-14,1.09690034832965e-14,NA
"117",0.255,0.745,7.5,5,0.5,0.00118688139128758,0.000303424227488767,0.000969824774714672,0.00140393800786048,12.3696401569555
"118",0.5,0.745,7.5,5,0.5,0.004830435087122,0.0106051431281816,-0.00275602728843008,0.0124168974626741,1.44035556901706
"119",0.745,0.745,7.5,5,0.5,0.692528639465339,0.330185537979932,0.456328134619756,0.928729144310922,6.63253714564914
"120",0.99,0.745,7.5,5,0.5,0.906345619778229,0.051378707383285,0.869591506631751,0.943099732924708,55.7841302708326
"121",0.01,0.99,7.5,5,0.5,0,0,0,0,NA
"122",0.255,0.99,7.5,5,0.5,0.000381175741434325,0.000599149454664825,-4.74299586687152e-05,0.000809781441537366,2.01182446608451
"123",0.5,0.99,7.5,5,0.5,-0.00542267720516181,0.179675792531772,-0.133954996228517,0.123109641818194,-0.0954386272216119
"124",0.745,0.99,7.5,5,0.5,0.525304981227369,0.476929462929672,0.184130196259748,0.86647976619499,3.48303121536325
"125",0.99,0.99,7.5,5,0.5,0.907814351442265,0.288281576692773,0.701590134690978,1.11403856819355,9.95818420337539
