"","lambda","mu","p","phi","m","s","l_conf","u_conf","t_stat"
"1",0.01,0.01,1,5,0.0142110500732812,1.83554207217476e-07,0.0142110500732812,0.0142110500732812,NA
"2",0.03,0.01,1,5,0.0424675297972293,1.63980794441811e-06,0.0424663567492918,0.0424687028451668,81896.2496293841
"3",0.05,0.01,1,5,0.0704896513057941,4.52006252786741e-06,0.0704864178478493,0.0704928847637388,49315.2137217315
"4",0.07,0.01,1,5,0.0982620751399088,8.78868377391051e-06,0.0982557880942767,0.0982683621855408,35355.915976763
"5",0.09,0.01,1,5,0.125770485304643,1.4408116308361e-05,0.12576017835914,0.125780792250146,27603.9690043738
"6",0.01,0.255,1,5,0.0145866047604395,2.98897876566625e-07,0.0145866047604395,0.0145866047604395,NA
"7",0.03,0.255,1,5,0.0457648301925324,2.67247813203538e-06,0.0457629184168446,0.0457667419682202,54152.3982570528
"8",0.05,0.255,1,5,0.0794168768219234,7.36975283034665e-06,0.0794116048183409,0.0794221488255059,34076.8844214412
"9",0.07,0.255,1,5,0.11530081491049,1.43284606542508e-05,0.115290564947209,0.115311064873771,25446.7803617469
"10",0.09,0.255,1,5,0.153172626217377,2.3474049551661e-05,0.153155833893919,0.153189418540834,20634.4615985638
"11",0.01,0.5,1,5,0.0149628648401032,4.22395244095465e-07,0.0149628648401032,0.0149628648401032,NA
"12",0.03,0.5,1,5,0.0490781888330972,3.77294882925075e-06,0.0490754898280963,0.0490808878380981,41134.6316030606
"13",0.05,0.5,1,5,0.0884043683014994,1.03901740073588e-05,0.088396935618769,0.0884118009842298,26906.1094398547
"14",0.07,0.5,1,5,0.132465769047373,2.01618897184281e-05,0.132451346100326,0.132480191994421,20776.5020067866
"15",0.09,0.5,1,5,0.180759205276998,3.29430942883622e-05,0.180735639206995,0.180782771347001,17351.4604218333
"16",0.01,0.745,1,5,0.0153398269856037,5.48523546745632e-07,0.0153398269856037,0.0153398269856037,NA
"17",0.03,0.745,1,5,0.0524073320282461,4.89455665742487e-06,0.0524038306733395,0.0524108333831526,33859.3557907943
"18",0.05,0.745,1,5,0.0974498600860826,1.34606450131218e-05,0.0974402309207137,0.0974594892514516,22893.6663314683
"19",0.07,0.745,1,5,0.149747337624294,2.60695738294816e-05,0.149728688574619,0.149765986673968,18164.5723684012
"20",0.09,0.745,1,5,0.208501139342498,4.24777685710136e-05,0.2084707525774,0.208531526107595,15521.9663660101
"21",0.01,0.99,1,5,0.0157174880356868,6.75782580448586e-07,0.0157174880356868,0.0157174880356868,NA
"22",0.03,0.99,1,5,0.0557520208119263,6.02507616721369e-06,0.0557477107320811,0.0557563308917715,29261.6001905796
"23",0.05,0.99,1,5,0.106551469196572,1.65517676705806e-05,0.106539628775263,0.106563309617881,20357.0601886427
"24",0.07,0.99,1,5,0.167137684711043,3.20031952452796e-05,0.167114791004311,0.167160578417775,16515.0936487179
"25",0.09,0.99,1,5,0.236374721844526,5.20111299983182e-05,0.236337515323494,0.236411928365558,14371.5874341055
"26",0.01,0.01,3.25,5,0.372321628842863,0.000137917255435814,0.372222968781735,0.372420288903992,8536.88949629106
"27",0.03,0.01,3.25,5,0.905634048141742,0.000830065930781596,0.905040254745747,0.906227841537738,3450.16728494067
"28",0.05,0.01,3.25,5,1.21326713346835,0.00148219873467795,1.21220683236748,1.21432743456922,2588.51088063918
"29",0.07,0.01,3.25,5,1.39044290368066,0.00190760048302294,1.3890782885013,1.39180751886003,2304.97243588513
"30",0.09,0.01,3.25,5,1.4974540299976,0.00214889912973115,1.49591680016492,1.49899125983029,2203.62387451056
"31",0.01,0.255,3.25,5,0.468001543407177,0.000298927894168584,0.467787703273697,0.468215383540658,4950.8622464192
"32",0.03,0.255,3.25,5,1.16805460062168,0.00130477369909061,1.16712122174531,1.16898797949805,2830.92230627983
"33",0.05,0.255,3.25,5,1.47772154787397,0.00188110838701985,1.47637588399843,1.4790672117495,2484.15554948135
"34",0.07,0.255,3.25,5,1.6125166125076,0.00219578050628158,1.61094584575844,1.61408737925677,2322.28369174221
"35",0.09,0.255,3.25,5,1.67675475633032,0.0024203457956757,1.67502334525055,1.6784861674101,2190.74651109684
"36",0.01,0.5,3.25,5,0.527436708854803,0.000427755949141499,0.527130710682514,0.527742707027091,3899.18907010348
"37",0.03,0.5,3.25,5,1.27094050818363,0.00158363955269212,1.26980764069304,1.27207337567421,2537.86713624315
"38",0.05,0.5,3.25,5,1.56375118474994,0.0020894683652338,1.56225646912507,1.56524590037482,2366.63809793706
"39",0.07,0.5,3.25,5,1.68161704009506,0.00234341790950878,1.67994065990992,1.6832934202802,2269.2239302574
"40",0.09,0.5,3.25,5,1.73416056167621,0.00254921152091181,1.73233696560995,1.73598415774248,2151.2130940677
"41",0.01,0.745,3.25,5,0.567358310269982,0.000533235352619494,0.566976856677978,0.567739763861986,3364.63908678221
"42",0.03,0.745,3.25,5,1.32551514099446,0.00177309787072481,1.32424674318767,1.32678353880124,2364.0245627661
"43",0.05,0.745,3.25,5,1.60639356422381,0.0022295202771345,1.60479866149656,1.60798846695106,2278.45538508047
"44",0.07,0.745,3.25,5,1.71566539921615,0.0024469592348929,1.71391495002884,1.71741584840346,2217.20504653302
"45",0.09,0.745,3.25,5,1.76311165266422,0.00263738458389578,1.76122498138843,1.76499832394001,2114.00666616732
"46",0.01,0.99,3.25,5,0.596006846972116,0.00062141108975267,0.595562316257614,0.596451377686617,3032.99887718043
"47",0.03,0.99,3.25,5,1.35967282354544,0.00191291062684452,1.35830440971802,1.36104123737286,2247.70720319977
"48",0.05,0.99,3.25,5,1.63216609398325,0.00233470957218385,1.63049594336735,1.63383624459915,2210.70853444938
"49",0.07,0.99,3.25,5,1.73620152633315,0.00252938636407468,1.73439211232975,1.73801094033656,2170.62580009682
"50",0.09,0.99,3.25,5,1.78081763553314,0.00270892385119042,1.77887978814844,1.78275548291783,2078.84759226643
"51",0.01,0.01,5.5,5,0.483573217500393,0.00023425275424929,0.483405643174898,0.483740791825888,6527.96073906512
"52",0.03,0.01,5.5,5,1.08451012970285,0.00119384273927058,1.08365610605467,1.08536415335103,2872.67497013971
"53",0.05,0.01,5.5,5,1.36963176159811,0.00186277909612938,1.3682992097074,1.37096431348883,2325.10442669148
"54",0.07,0.01,5.5,5,1.51295154262143,0.0021843425136522,1.51138895811929,1.51451412712358,2190.30341361145
"55",0.09,0.01,5.5,5,1.59243701619098,0.00229496439915298,1.59079529755909,1.59407873482287,2194.25103212255
"56",0.01,0.255,5.5,5,0.589533188933162,0.000460902251021555,0.589203479324916,0.589862898541407,4044.82214864248
"57",0.03,0.255,5.5,5,1.28450965516953,0.00167974317663145,1.28330803928787,1.28571127105119,2418.2126430536
"58",0.05,0.255,5.5,5,1.54360712609577,0.00224830495765943,1.54199878561758,1.54521546657396,2171.10864533742
"59",0.07,0.255,5.5,5,1.64953747356644,0.00252112901114539,1.64773396651748,1.65134098061541,2069.0315645132
"60",0.09,0.255,5.5,5,1.69888815405959,0.00267982195539823,1.69697112491702,1.70080518320215,2004.74365316892
"61",0.01,0.5,5.5,5,0.628812825061246,0.000615829579938165,0.628372287118337,0.629253363004156,3228.94647138939
"62",0.03,0.5,5.5,5,1.32919822653303,0.00197050234362556,1.32778861407329,1.33060783899277,2133.10776883783
"63",0.05,0.5,5.5,5,1.58073947401993,0.00252176981645844,1.57893550856646,1.58254343947341,1982.23370452572
"64",0.07,0.5,5.5,5,1.68173294666642,0.00276203055171421,1.67975710903675,1.68370878429609,1925.43363588493
"65",0.09,0.5,5.5,5,1.72786897725656,0.00289949614721831,1.72579480266381,1.72994315184931,1884.46584821932
"66",0.01,0.745,5.5,5,0.64787189137962,0.000737493987840991,0.647344319962306,0.648399462796934,2777.98984471523
"67",0.03,0.745,5.5,5,1.347212884216,0.00217400543716662,1.3456576944129,1.34876807401909,1959.6368686178
"68",0.05,0.745,5.5,5,1.59535052981303,0.00273521795312755,1.59339387276093,1.59730718686514,1844.43851532817
"69",0.07,0.745,5.5,5,1.69478823167639,0.0029753741115155,1.69265977725787,1.69691668609491,1801.24944389488
"70",0.09,0.745,5.5,5,1.74031561061513,0.00310595056214607,1.7380937474309,1.74253747379937,1771.87661779393
"71",0.01,0.99,5.5,5,0.658904829829025,0.000843619208295212,0.658301341002361,0.659508318655688,2469.88214950202
"72",0.03,0.99,5.5,5,1.35705106827815,0.00232243922123329,1.35538969534254,1.35871244121375,1847.78668810319
"73",0.05,0.99,5.5,5,1.60301341430543,0.00289398896311636,1.60094317931486,1.605083649296,1751.62157617547
"74",0.07,0.99,5.5,5,1.70149506182859,0.00315724468952957,1.69923650503609,1.70375361862108,1704.20741881399
"75",0.09,0.99,5.5,5,1.74675631749174,0.0033051016948308,1.74439199016941,1.74912064481407,1671.27337993904
"76",0.01,0.01,7.75,5,0.534178725560308,0.000286470815478882,0.533973796684096,0.534383654436519,5896.66157633815
"77",0.03,0.01,7.75,5,1.15386687882805,0.00134952830641537,1.15290148443425,1.15483227322185,2703.79467876318
"78",0.05,0.01,7.75,5,1.42366244936252,0.00199188891863708,1.42223753786864,1.42508736085639,2260.17420806785
"79",0.07,0.01,7.75,5,1.55240946182954,0.00225191825899672,1.55079853655128,1.55402038710779,2179.98577033817
"80",0.09,0.01,7.75,5,1.6217698492835,0.00229620577316173,1.62012724262614,1.62341245594086,2233.46122732818
"81",0.01,0.255,7.75,5,0.628871828651887,0.000525107375692646,0.628496189464309,0.629247467839465,3787.16321063275
"82",0.03,0.255,7.75,5,1.30671972298066,0.00181193167852621,1.30542354514128,1.30801590082004,2280.55540783095
"83",0.05,0.255,7.75,5,1.55243708767367,0.00237438293933329,1.5507385564406,1.55413561890674,2067.58439838932
"84",0.07,0.255,7.75,5,1.65333668947731,0.00260081233186154,1.65147618041458,1.65519719854004,2010.26026131176
"85",0.09,0.255,7.75,5,1.70106892490864,0.00268634716352837,1.69914722791337,1.7029906219039,2002.44120814969
"86",0.01,0.5,7.75,5,0.651265343093738,0.000677805118668086,0.650780470521197,0.65175021566628,3038.45720338345
"87",0.03,0.5,7.75,5,1.32797704071495,0.00207269699571645,1.32649432260508,1.32945975882482,2026.07141214958
"88",0.05,0.5,7.75,5,1.57077522097374,0.00265544997767802,1.56887562649375,1.57267481545373,1870.5784074964
"89",0.07,0.5,7.75,5,1.6705180038779,0.00287411033154041,1.66846198920371,1.67257401855209,1838.00938558294
"90",0.09,0.5,7.75,5,1.71776944811262,0.00294317621868223,1.7156640266791,1.71987486954615,1845.64686157951
"91",0.01,0.745,7.75,5,0.660164742589531,0.000808676560046914,0.659586250227605,0.660743234951457,2581.53175281916
"92",0.03,0.745,7.75,5,1.33569294535229,0.00223324421649644,1.3340953786793,1.33729051202528,1891.34351305228
"93",0.05,0.745,7.75,5,1.57683133915743,0.00284342424319675,1.57479727598846,1.57886540232641,1753.65267057896
"94",0.07,0.745,7.75,5,1.67598663438039,0.00310708231792186,1.67376396158685,1.67820930717394,1705.7594715375
"95",0.09,0.745,7.75,5,1.72324599654303,0.00321040096232459,1.72094941404369,1.72554257904236,1697.41486555524
"96",0.01,0.99,7.75,5,0.665186915753767,0.000943002621464542,0.664512332316154,0.66586149919138,2230.64674015176
"97",0.03,0.99,7.75,5,1.34019109734972,0.00234586256989752,1.33851296835989,1.34186922633956,1806.60897270326
"98",0.05,0.99,7.75,5,1.58001430523938,0.00295339041920209,1.57790157700698,1.58212703347179,1691.76547324036
"99",0.07,0.99,7.75,5,1.67847737436576,0.00329024796835292,1.67612367275924,1.68083107597228,1613.19497956015
"100",0.09,0.99,7.75,5,1.7254541989423,0.00347544826102734,1.72296801302743,1.72794038485717,1569.97453483772
"101",0.01,0.01,10,5,0.563496215137053,0.000319190314219356,0.563267880141457,0.563724550132649,5582.66154496389
"102",0.03,0.01,10,5,1.19089334213835,0.00143578862712787,1.18986624082842,1.19192044344828,2622.90377589959
"103",0.05,0.01,10,5,1.45110315698145,0.00205526592852597,1.44963290830588,1.45257340565703,2232.69944401469
"104",0.07,0.01,10,5,1.57192042651045,0.00227692103816111,1.57029161532145,1.57354923769945,2183.14503006697
"105",0.09,0.01,10,5,1.6360648429882,0.0022807966949514,1.63443325932135,1.63769642665505,2268.37022125671
"106",0.01,0.255,10,5,0.644617634450555,0.000556378268709002,0.644219625413702,0.645015643487408,3663.8022356688
"107",0.03,0.255,10,5,1.31103511386789,0.0018736876923079,1.30969475843757,1.31237546929822,2212.67240495887
"108",0.05,0.255,10,5,1.55165815266213,0.00243612745077499,1.54991545206639,1.55340085325787,2014.16962434401
"109",0.07,0.255,10,5,1.6515384137355,0.00262923214058153,1.64965757436634,1.65341925310467,1986.36816812629
"110",0.09,0.255,10,5,1.69957430856714,0.00266073777309478,1.69767093142618,1.7014776857081,2019.93819989511
"111",0.01,0.5,10,5,0.65771274583977,0.000707794664281414,0.657206420038667,0.658219071640873,2938.52218438053
"112",0.03,0.5,10,5,1.32247474428643,0.00208959808807348,1.32097993586342,1.32396955270944,2001.3572772023
"113",0.05,0.5,10,5,1.56146020659345,0.00269401204889194,1.55953302646951,1.56338738671739,1832.86883612243
"114",0.07,0.5,10,5,1.66105710926063,0.00291216738130466,1.65897387021307,1.66314034830819,1803.71630511345
"115",0.09,0.5,10,5,1.70934702458381,0.00295210008274496,1.7072352194025,1.71145882976512,1831.04561424304
"116",0.01,0.745,10,5,0.662816417641545,0.000858446661588227,0.66220232189377,0.66343051338932,2441.63049853654
"117",0.03,0.745,10,5,1.32693429898812,0.00220773051042412,1.32535498372096,1.32851361425527,1900.65529755042
"118",0.05,0.745,10,5,1.56459237431628,0.00283157931685844,1.56256678449716,1.5666179641354,1747.32012029932
"119",0.07,0.745,10,5,1.66354257359294,0.00313866681764561,1.6612973066094,1.66578784057648,1676.05668994139
"120",0.09,0.745,10,5,1.71162052319348,0.00327147658423658,1.70928024982623,1.71396079656074,1654.48818104364
"121",0.01,0.99,10,5,0.665980834783273,0.00103759658201811,0.665238582902715,0.666723086663831,2029.70629667964
"122",0.03,0.99,10,5,1.32975082586161,0.00231393890069885,1.328095533689,1.33140611803422,1817.26549864503
"123",0.05,0.99,10,5,1.56635359653787,0.00288302648966461,1.5642912036284,1.56841598944735,1718.07127128837
"124",0.07,0.99,10,5,1.66463757295236,0.00329744161751191,1.66227872531924,1.66699642058549,1596.40315730478
"125",0.09,0.99,10,5,1.71225424158283,0.0035802936116811,1.70969305382231,1.71481542934335,1512.34058542577
