"","lambda","mu","rho","phi","a0","m","s","l_conf","u_conf","t_stat"
"1",0.01,0.01,0.01,5,0.05,0.000567237401268483,1.00444691295599e-08,0.000567237401268483,0.000567237401268483,NA
"2",0.03,0.01,0.01,5,0.05,0.0017269683632589,9.05146284915105e-08,0.0017269683632589,0.0017269683632589,NA
"3",0.05,0.01,0.01,5,0.05,0.00292017499623327,2.51764920288552e-07,0.00292017499623327,0.00292017499623327,NA
"4",0.07,0.01,0.01,5,0.05,0.00414661115651975,4.94150600343372e-07,0.00414661115651975,0.00414661115651975,NA
"5",0.09,0.01,0.01,5,0.05,0.00540602278750941,8.18059281518241e-07,0.00540602278750941,0.00540602278750941,NA
"6",0.01,0.255,0.01,5,0.05,0.000594046076941712,2.29801085519983e-08,0.000594046076941712,0.000594046076941712,NA
"7",0.03,0.255,0.01,5,0.05,0.00197097870135489,2.07561565134893e-07,0.00197097870135489,0.00197097870135489,NA
"8",0.05,0.255,0.01,5,0.05,0.00360542293830877,5.78528276142467e-07,0.00360542293830877,0.00360542293830877,NA
"9",0.07,0.255,0.01,5,0.05,0.00550397572743769,1.13762155668829e-06,0.00550316192200073,0.00550478953287465,15299.5514041179
"10",0.09,0.255,0.01,5,0.05,0.00767289947578219,1.88647309328043e-06,0.00767154997422698,0.0076742489773374,12862.0114898065
"11",0.01,0.5,0.01,5,0.05,0.000621139284692757,3.79784993459916e-08,0.000621139284692757,0.000621139284692757,NA
"12",0.03,0.5,0.01,5,0.05,0.00222269313525349,3.45431882033502e-07,0.00222269313525349,0.00222269313525349,NA
"13",0.05,0.5,0.01,5,0.05,0.00432640517725856,9.68839062623865e-07,0.00432640517725856,0.00432640517725856,NA
"14",0.07,0.5,0.01,5,0.05,0.00695948465620515,1.91567450982754e-06,0.00695811426521495,0.00696085504719534,11488.2892379162
"15",0.09,0.5,0.01,5,0.05,0.0101483506763518,3.19199500417672e-06,0.0101460672606817,0.0101506340920219,10053.8699432141
"16",0.01,0.745,0.01,5,0.05,0.000648518840800588,5.34582175634912e-08,0.000648518840800588,0.000648518840800588,NA
"17",0.03,0.745,0.01,5,0.05,0.00248225522560002,4.90158862047227e-07,0.00248225522560002,0.00248225522560002,NA
"18",0.05,0.745,0.01,5,0.05,0.00508419854669361,1.38451744741421e-06,0.00508320812257616,0.00508518897081105,11612.4556711778
"19",0.07,0.745,0.01,5,0.05,0.00851714275444976,2.75433124876965e-06,0.00851517242456962,0.0085191130843299,9778.62422063163
"20",0.09,0.745,0.01,5,0.05,0.0128429230417924,4.61299570632384e-06,0.0128396231034566,0.0128462229801281,8804.01613438455
"21",0.01,0.99,0.01,5,0.05,0.000676186569611348,6.91988132409092e-08,0.000676186569611348,0.000676186569611348,NA
"22",0.03,0.99,0.01,5,0.05,0.0027498102641657,6.39742295005133e-07,0.0027498102641657,0.0027498102641657,NA
"23",0.05,0.99,0.01,5,0.05,0.0058798989816968,1.81981052060667e-06,0.00587859716767332,0.00588120079572027,10217.477579846
"24",0.07,0.99,0.01,5,0.05,0.0101810394843679,3.64149518074442e-06,0.0101784345156423,0.0101836444530935,8841.2237613142
"25",0.09,0.99,0.01,5,0.05,0.0157673936393679,6.12721249326691e-06,0.0157630104955965,0.0157717767831393,8137.61179649723
"26",0.01,0.01,1.8825,5,0.05,0.00161604082119856,7.93967525079406e-07,0.00161604082119856,0.00161604082119856,NA
"27",0.03,0.01,1.8825,5,0.05,0.0216945741091113,1.62518822580478e-05,0.021682948212903,0.0217062000053196,4221.31208944352
"28",0.05,0.01,1.8825,5,0.05,0.1190481156772,0.000138577074918009,0.118948983609648,0.119147247744752,2716.63402416228
"29",0.07,0.01,1.8825,5,0.05,0.321327065481434,0.000371581144099468,0.321061252343874,0.321592878618994,2734.59893462031
"30",0.09,0.01,1.8825,5,0.05,0.485702634988533,0.000658079053821923,0.485231873592706,0.486173396384359,2333.95453508049
"31",0.01,0.255,1.8825,5,0.05,0.0235059465557281,7.26392220309768e-06,0.0235007502588157,0.0235111428526405,10233.0844956726
"32",0.03,0.255,1.8825,5,0.05,0.821377519952208,0.00153328668585478,0.820280672732649,0.822474367171767,1694.02356772006
"33",0.05,0.255,1.8825,5,0.05,1.39431395398404,0.00148285530401813,1.39325318320175,1.39537472476632,2973.45793348618
"34",0.07,0.255,1.8825,5,0.05,1.64054962387645,0.00182532972884572,1.63924386164924,1.64185538610365,2842.1568684266
"35",0.09,0.255,1.8825,5,0.05,1.75868739672286,0.00151600622390581,1.75760291120109,1.75977188224462,3668.49276617609
"36",0.01,0.5,1.8825,5,0.05,0.0926079111303808,5.43861241473463e-05,0.0925690056408831,0.0926468166198786,5384.68098460278
"37",0.03,0.5,1.8825,5,0.05,0.983624298232002,0.00158367096389265,0.982491408271196,0.984757188192808,1964.10315982071
"38",0.05,0.5,1.8825,5,0.05,1.41154573206151,0.0050406350572835,1.4079398789628,1.41515158516022,885.543088138127
"39",0.07,0.5,1.8825,5,0.05,1.62293367073544,0.00571853385339224,1.61884287805139,1.62702446341949,897.462010801483
"40",0.09,0.5,1.8825,5,0.05,1.73923927443834,0.00505950635044334,1.73561992162975,1.74285862724693,1087.05417530742
"41",0.01,0.745,1.8825,5,0.05,0.223064363533731,0.000398031419653977,0.222779629008889,0.223349098058574,1772.20043130168
"42",0.03,0.745,1.8825,5,0.05,0.995187881840339,0.00463539880662269,0.991871917292093,0.998503846388585,678.919018125846
"43",0.05,0.745,1.8825,5,0.05,1.35752031339958,0.0115914802088552,1.34922826798175,1.3658123588174,370.345812867692
"44",0.07,0.745,1.8825,5,0.05,1.56778179234139,0.0130147892731975,1.55847157295506,1.57709201172773,380.932893638923
"45",0.09,0.745,1.8825,5,0.05,1.69282081818336,0.0124079499955888,1.68394470546507,1.70169693090164,431.430611657229
"46",0.01,0.99,1.8825,5,0.05,0.288486759768016,0.000981650296030218,0.287784529449502,0.289188990086529,929.328131777669
"47",0.03,0.99,1.8825,5,0.05,0.951219205733567,0.00774950794786581,0.945675541705186,0.956762869761947,388.156159649177
"48",0.05,0.99,1.8825,5,0.05,1.2743315399144,0.0205130049217481,1.25965742018142,1.28900565964739,196.450504238259
"49",0.07,0.99,1.8825,5,0.05,1.48779944416412,0.0235902469601322,1.47092399808764,1.50467489024061,199.439834311288
"50",0.09,0.99,1.8825,5,0.05,1.62666795674021,0.0279261800939457,1.60669077095263,1.6466451425278,184.19904630016
"51",0.01,0.01,3.755,5,0.05,0.00359559619364095,2.19526085202337e-06,0.00359402579863005,0.00359716658865186,5179.46352828972
"52",0.03,0.01,3.755,5,0.05,0.132576145974236,0.000148462118141103,0.132469942572749,0.132682349375723,2823.9027567092
"53",0.05,0.01,3.755,5,0.05,0.402148947327369,0.000524070826532572,0.401774049642391,0.402523845012346,2426.59306301708
"54",0.07,0.01,3.755,5,0.05,0.577864268155502,0.000977497054862952,0.577165008886739,0.578563527424264,1869.43506039913
"55",0.09,0.01,3.755,5,0.05,0.679788913874449,0.00165891952871334,0.678602194333134,0.680975633415764,1295.83217194543
"56",0.01,0.255,3.755,5,0.05,0.153806703715198,0.000166352019667987,0.153687702649106,0.153925704781289,2923.79680218757
"57",0.03,0.255,3.755,5,0.05,1.06834636390838,0.0019208903600949,1.06697224172367,1.06972048609308,1758.77182274093
"58",0.05,0.255,3.755,5,0.05,1.44042246302609,0.00373432053966559,1.43775109103894,1.44309383501325,1219.77096707398
"59",0.07,0.255,3.755,5,0.05,1.62284043145499,0.00464452312562054,1.61951793976213,1.62616292314784,1104.92980734647
"60",0.09,0.255,3.755,5,0.05,1.72473230881178,0.00495690736317982,1.72118635089727,1.72827826672629,1100.29945091154
"61",0.01,0.5,3.755,5,0.05,0.327498231753174,0.000708312003610385,0.32699153586981,0.328004927636539,1462.12451114605
"62",0.03,0.5,3.755,5,0.05,0.961681819303292,0.00664557317882291,0.956927862635688,0.966435775970897,457.61364016934
"63",0.05,0.5,3.755,5,0.05,1.26895503021279,0.0145141226420682,1.25857225234668,1.2793378080789,276.474730354655
"64",0.07,0.5,3.755,5,0.05,1.46463996858262,0.018474518906568,1.45142409389832,1.47785584326692,250.701968276529
"65",0.09,0.5,3.755,5,0.05,1.59036408477155,0.0249323630528359,1.57252854667953,1.60819962286356,201.712641764021
"66",0.01,0.745,3.755,5,0.05,0.362879726584554,0.000636945418964818,0.362424083280371,0.363335369888736,1801.60876982417
"67",0.03,0.745,3.755,5,0.05,0.897850456834606,0.0145633807084949,0.887432441870504,0.908268471798708,194.95833410191
"68",0.05,0.745,3.755,5,0.05,1.19233525660968,0.0297067738713747,1.17108431076668,1.21358620245268,126.923750176762
"69",0.07,0.745,3.755,5,0.05,1.39098822597341,0.036673354097044,1.36475368885499,1.41722276309184,119.942424162057
"70",0.09,0.745,3.755,5,0.05,1.51005809142089,0.0483676054788596,1.47545799081633,1.54465819202546,98.7277108465486
"71",0.01,0.99,3.755,5,0.05,0.364881567436543,0.00075339428490987,0.364342621631914,0.365420513241172,1531.5444415003
"72",0.03,0.99,3.755,5,0.05,0.856706708785081,0.0227350850607075,0.840443008679073,0.872970408891088,119.161396549582
"73",0.05,0.99,3.755,5,0.05,1.13324788650953,0.0467791896281602,1.09978407015332,1.16671170286575,76.6076647207424
"74",0.07,0.99,3.755,5,0.05,1.3353510771487,0.0565328656851826,1.29490990126649,1.37579225303091,74.6955037316622
"75",0.09,0.99,3.755,5,0.05,1.45376250443964,0.0867079468670641,1.39173537584575,1.51578963303353,53.019369701235
"76",0.01,0.01,5.6275,5,0.05,0.00738011687898041,5.33114294479639e-06,0.00737630320905814,0.00738393054890269,4377.66891218159
"77",0.03,0.01,5.6275,5,0.05,0.259015012820297,0.000394940768878331,0.25873248921383,0.259297536426763,2073.92463182798
"78",0.05,0.01,5.6275,5,0.05,0.509097219319949,0.000993471934488169,0.508386532310725,0.509807906329173,1620.48539835071
"79",0.07,0.01,5.6275,5,0.05,0.647141012101651,0.00188089813489328,0.645795498631427,0.648486525571874,1088.01190643103
"80",0.09,0.01,5.6275,5,0.05,0.719802781937481,0.00265221775057132,0.717905499653472,0.72170006422149,858.231288346376
"81",0.01,0.255,5.6275,5,0.05,0.322368180142783,0.000658652020998705,0.32189700887093,0.322839351414636,1547.73334312241
"82",0.03,0.255,5.6275,5,0.05,1.04771480982746,0.00364886929810009,1.04510456597608,1.05032505367884,907.997756748933
"83",0.05,0.255,5.6275,5,0.05,1.32283678853894,0.00943343528912109,1.31608851545784,1.32958506162004,443.441556149723
"84",0.07,0.255,5.6275,5,0.05,1.50014122880931,0.0141159403169432,1.49004329341931,1.5102391641993,336.064264118997
"85",0.09,0.255,5.6275,5,0.05,1.61778467973736,0.0151321263072813,1.60695980868142,1.62860955079329,338.080997198288
"86",0.01,0.5,5.6275,5,0.05,0.382365136172997,0.000753491104417276,0.381826121107865,0.38290415123813,1604.72329541597
"87",0.03,0.5,5.6275,5,0.05,0.889519505920748,0.0119464415346715,0.880973536467146,0.898065475374351,235.459877629121
"88",0.05,0.5,5.6275,5,0.05,1.15888713489632,0.0251075188204748,1.14092629791631,1.17684797187634,145.961172967464
"89",0.07,0.5,5.6275,5,0.05,1.35262658052515,0.0308477290141805,1.33055944454135,1.37469371650896,138.661125302882
"90",0.09,0.5,5.6275,5,0.05,1.48159296496916,0.0392688466724133,1.45350172431254,1.50968420562577,119.311075613433
"91",0.01,0.745,5.6275,5,0.05,0.364042143509913,0.000721767525536136,0.363525822126015,0.36455846489381,1594.97663312863
"92",0.03,0.745,5.6275,5,0.05,0.82224623465824,0.0233035224384085,0.805575898948482,0.838916570367998,111.578449390627
"93",0.05,0.745,5.6275,5,0.05,1.07613439921928,0.043786168514998,1.04481166118609,1.10745713725248,77.7194234024891
"94",0.07,0.745,5.6275,5,0.05,1.27600088778019,0.0550303514257856,1.23663454584977,1.31536722971062,73.32442910571
"95",0.09,0.745,5.6275,5,0.05,1.40903019879659,0.0776252647583433,1.35350042957391,1.46455996801928,57.4007023876613
"96",0.01,0.99,5.6275,5,0.05,0.361684370820844,0.000892712349723228,0.361045762876425,0.362322978765264,1281.20374523038
"97",0.03,0.99,5.6275,5,0.05,0.75384188065,0.0350065295049561,0.728799718014564,0.778884043285436,68.0975055851028
"98",0.05,0.99,5.6275,5,0.05,1.005442082716,0.0598766391167853,0.962608915417494,1.04827525001451,53.1006262820564
"99",0.07,0.99,5.6275,5,0.05,1.21112240647242,0.0858683087613267,1.14969591879599,1.27254889414886,44.6020817803975
"100",0.09,0.99,5.6275,5,0.05,1.33650752682046,0.145813262041594,1.2321990028369,1.44081605080403,28.98507197175
"101",0.01,0.01,7.5,5,0.05,0.0146912890042447,1.34169468875033e-05,0.0146816910986317,0.0147008869098577,3462.6309104996
"102",0.03,0.01,7.5,5,0.05,0.33076978198372,0.000633444235005136,0.330316643275662,0.331222920691778,1651.2675219428
"103",0.05,0.01,7.5,5,0.05,0.551710866233547,0.00155768870881995,0.55059656285834,0.552825169608754,1120.03312169103
"104",0.07,0.01,7.5,5,0.05,0.657331703476686,0.00287930212741462,0.655271974815464,0.659391432137908,721.93374270564
"105",0.09,0.01,7.5,5,0.05,0.708417765077375,0.00388891346687707,0.705635803972122,0.711199726182628,576.051303699889
"106",0.01,0.255,7.5,5,0.05,0.38866055160602,0.00038816677689231,0.388382873821501,0.388938229390538,3166.30029383842
"107",0.03,0.255,7.5,5,0.05,0.95425115899447,0.0053055044920324,0.950455829716437,0.958046488272504,568.769120224047
"108",0.05,0.255,7.5,5,0.05,1.19971375656438,0.0122791700080858,1.1909297674995,1.20849774562925,308.96453168105
"109",0.07,0.255,7.5,5,0.05,1.3738140210669,0.0167321880527063,1.3618445347914,1.3857835073424,259.642156444881
"110",0.09,0.255,7.5,5,0.05,1.49904125098866,0.0185538138212491,1.48576865213954,1.51231384983779,255.493814120484
"111",0.01,0.5,7.5,5,0.05,0.381441482986022,0.000552860847225536,0.381045990160919,0.381836975811126,2181.78568144495
"112",0.03,0.5,7.5,5,0.05,0.823418874887957,0.0164949832451173,0.811619074709691,0.835218675066222,157.858851647512
"113",0.05,0.5,7.5,5,0.05,1.05804204565421,0.0338957097623924,1.03379451559291,1.08228957571552,98.7093277569714
"114",0.07,0.5,7.5,5,0.05,1.25554023485457,0.0386228404288482,1.22791111922559,1.28316935048355,102.798416482016
"115",0.09,0.5,7.5,5,0.05,1.39640778880503,0.0499216847249888,1.36069596687932,1.43211961073074,88.4551308584523
"116",0.01,0.745,7.5,5,0.05,0.367324793388515,0.0011724302329109,0.366486087324634,0.368163499452397,990.74806803173
"117",0.03,0.745,7.5,5,0.05,0.729828629738426,0.0328323654967642,0.706341770340963,0.75331548913589,70.2940752715665
"118",0.05,0.745,7.5,5,0.05,0.96286059004898,0.0535896346608299,0.924524874805911,1.00119630529205,56.8175646846494
"119",0.07,0.745,7.5,5,0.05,1.16540191845849,0.0758289701792332,1.11115714096813,1.21964669594885,48.6004813615144
"120",0.09,0.745,7.5,5,0.05,1.30959418986718,0.114528609552372,1.22766535809267,1.39152302164169,36.1595278829394
"121",0.01,0.99,7.5,5,0.05,0.357736676564064,0.00165358741792725,0.356553771385024,0.358919581743105,684.126335418931
"122",0.03,0.99,7.5,5,0.05,0.655544097803104,0.0483675665754518,0.620944025028358,0.690144170577849,42.8595565688458
"123",0.05,0.99,7.5,5,0.05,0.88635749430655,0.0750975084762887,0.832635972996846,0.940079015616253,37.3235884923321
"124",0.07,0.99,7.5,5,0.05,1.06246616349882,0.139628356410028,0.962582054471573,1.16235027252607,24.0625407324197
"125",0.09,0.99,7.5,5,0.05,1.16104385638215,0.230668578972868,0.996033495423464,1.32605421734083,15.9169621881828
