"","lambda","mu","rho","p","phi","m","s","l_conf","u_conf","t_stat"
"1",0.01,0.01,0.01,1,5,0.0142069396947605,1.67778156433844e-07,0.0142069396947605,0.0142069396947605,NA
"2",0.03,0.01,0.01,1,5,0.0424308304337527,1.5057092521517e-06,0.0424297533142408,0.0424319075532646,89112.8662398165
"3",0.05,0.01,0.01,1,5,0.0703885518416956,4.1685374214548e-06,0.0703855698496633,0.0703915338337278,53397.1804774912
"4",0.07,0.01,0.01,1,5,0.0980656280249443,8.13901031775981e-06,0.0980598057277057,0.0980714503221829,38101.7756000362
"5",0.09,0.01,0.01,1,5,0.125448664519845,1.33962679128163e-05,0.125439081407079,0.125458247632611,29612.9871312543
"6",0.01,0.255,0.01,1,5,0.0142444998351752,1.7846429286628e-07,0.0142444998351752,0.0142444998351752,NA
"7",0.03,0.255,0.01,1,5,0.0427607407038379,1.60191043230859e-06,0.0427595947661474,0.0427618866415284,84412.5441302767
"8",0.05,0.255,0.01,1,5,0.0712824450832259,4.4355629949655e-06,0.0712792720726056,0.0712856180938462,50819.9035623476
"9",0.07,0.255,0.01,1,5,0.0997737007817101,8.66138810136996e-06,0.0997675047979165,0.0997798967655037,36427.4341897255
"10",0.09,0.255,0.01,1,5,0.128199969419979,1.42570639991728e-05,0.128189770530788,0.12821016830917,28435.3005187176
"11",0.01,0.5,0.01,1,5,0.0142820670359059,1.89436731216744e-07,0.0142820670359059,0.0142820670359059,NA
"12",0.03,0.5,0.01,1,5,0.0430908144746242,1.70053830696767e-06,0.0430895979828025,0.043092030966446,80130.5794837089
"13",0.05,0.5,0.01,1,5,0.0721769677058954,4.70890292445337e-06,0.0721735991596688,0.0721803362521219,48470.655738044
"14",0.07,0.5,0.01,1,5,0.101483148497968,9.19527198491864e-06,0.101476570596651,0.101489726399284,34900.3154996413
"15",0.09,0.5,0.01,1,5,0.130953450708517,1.51353625639509e-05,0.130942623522383,0.130964277894652,27360.5055675261
"16",0.01,0.745,0.01,1,5,0.0143196412933639,2.00648352449118e-07,0.0143196412933639,0.0143196412933639,NA
"17",0.03,0.745,0.01,1,5,0.0434210514201723,1.80118865761989e-06,0.0434197629274271,0.0434223399129175,76232.6701904041
"18",0.05,0.745,0.01,1,5,0.0730721168470268,4.98748517276419e-06,0.0730685490150651,0.0730756846789886,46330.8290014422
"19",0.07,0.745,0.01,1,5,0.103193958671408,9.73865130650436e-06,0.103186992059941,0.103200925282875,33508.536233655
"20",0.09,0.745,0.01,1,5,0.133709069932364,1.60279736184451e-05,0.133697604210747,0.13372053565398,26380.4530051395
"21",0.01,0.99,0.01,1,5,0.0143572226039776,2.12061078442828e-07,0.0143572226039776,0.0143572226039776,NA
"22",0.03,0.99,0.01,1,5,0.0437514512183871,1.90353551706771e-06,0.0437500895111092,0.043752812925665,72682.7713732283
"23",0.05,0.99,0.01,1,5,0.0739678896895672,5.27044740536947e-06,0.0739641194386182,0.0739716599405162,44380.8631686212
"24",0.07,0.99,0.01,1,5,0.104906119026893,1.02899132126062e-05,0.104898758066415,0.104913479987372,32239.5602139084
"25",0.09,0.99,0.01,1,5,0.136466789384826,1.69323457023845e-05,0.136454676714394,0.136478902055259,25486.4793698233
"26",0.01,0.01,1.8825,1,5,0.0161716582905988,1.19784699374296e-06,0.0161708014024796,0.0161725151787181,42692.6594192472
"27",0.03,0.01,1.8825,1,5,0.0632508531070248,1.10613305913242e-05,0.0632429403077971,0.0632587659062525,18082.5225424341
"28",0.05,0.01,1.8825,1,5,0.138514399463046,3.33699635343613e-05,0.13849052802918,0.138538270896913,13126.2052648813
"29",0.07,0.01,1.8825,1,5,0.242686339038935,0.000134926153511944,0.242589818683224,0.242782859394646,5687.86383066153
"30",0.09,0.01,1.8825,1,5,0.358093144738434,0.000253521096647119,0.357911786671138,0.358274502805729,4466.64978513401
"31",0.01,0.255,1.8825,1,5,0.0245380845968764,2.20158395441281e-06,0.0245365096785906,0.0245396595151623,35245.6405709588
"32",0.03,0.255,1.8825,1,5,0.165317934858146,3.94655859580424e-05,0.165289702878683,0.165346166837609,13246.5083068291
"33",0.05,0.255,1.8825,1,5,0.482950902494076,0.000336739544471829,0.482710013535425,0.483191791452728,4535.32967834415
"34",0.07,0.255,1.8825,1,5,0.87593728116633,0.00092474602470837,0.875275757711286,0.876598804621374,2995.37042812858
"35",0.09,0.255,1.8825,1,5,1.18459604628125,0.000834879350790436,1.18399880957201,1.18519328299049,4486.90174206892
"36",0.01,0.5,1.8825,1,5,0.0332492231511124,4.54674152045233e-06,0.0332459706081661,0.0332524756940587,23124.9731518179
"37",0.03,0.5,1.8825,1,5,0.283760746368166,0.000197356259393933,0.283619566205072,0.28390192653126,4546.75353002937
"38",0.05,0.5,1.8825,1,5,0.788470126196511,0.00124695385111169,0.787578109147691,0.78936214324533,1999.56194333774
"39",0.07,0.5,1.8825,1,5,1.19574862871308,0.000364049727966293,1.19548820322606,1.1960090542001,10386.7380889966
"40",0.09,0.5,1.8825,1,5,1.4378159309338,0.000411077210169324,1.43752186401262,1.43810999785498,11060.6306682711
"41",0.01,0.745,1.8825,1,5,0.0423357101407208,7.09545946471931e-06,0.0423306343547917,0.0423407859266499,18868.0199035795
"42",0.03,0.745,1.8825,1,5,0.410335634514337,0.000695987511437189,0.409837755041561,0.410833513987113,1864.39438764672
"43",0.05,0.745,1.8825,1,5,0.973760521451347,0.000481110479715102,0.973416355747148,0.974104687155546,6400.40338585635
"44",0.07,0.745,1.8825,1,5,1.3336766244157,0.000405558801281305,1.33338650512642,1.33396674370497,10399.1228447122
"45",0.09,0.745,1.8825,1,5,1.54149664391757,0.000509323712076554,1.54113229568276,1.54186099215238,9570.80984981192
"46",0.01,0.99,1.8825,1,5,0.05183293087041,1.11476340995772e-05,0.0518249563333716,0.0518409054074484,14703.5790633607
"47",0.03,0.99,1.8825,1,5,0.528916518704091,0.00117157060253391,0.528078427582736,0.529754609825446,1427.63986017955
"48",0.05,0.99,1.8825,1,5,1.07670944481071,0.000373352247983996,1.07644236470175,1.07697652491966,9119.68320052314
"49",0.07,0.99,1.8825,1,5,1.41341321870176,0.000492125501615838,1.41306117332558,1.41376526407795,9082.24636075927
"50",0.09,0.99,1.8825,1,5,1.60224693825996,0.000702528647885062,1.60174437954006,1.60274949697987,7212.16097619071
"51",0.01,0.01,3.755,1,5,0.0186731077009143,3.1833061367267e-06,0.0186708305008856,0.018675384900943,18549.7557546376
"52",0.03,0.01,3.755,1,5,0.10182853090852,6.59607131297155e-05,0.10178134545686,0.10187571636018,4881.84668086481
"53",0.05,0.01,3.755,1,5,0.254775833667184,0.000217461271244613,0.254620271245018,0.25493139608935,3704.89845178108
"54",0.07,0.01,3.755,1,5,0.443429154900302,0.00042894467251324,0.44312230636654,0.443736003434064,3269.06055783986
"55",0.09,0.01,3.755,1,5,0.601738052195933,0.00056596036238885,0.601333188542192,0.602142915849673,3362.18386690665
"56",0.01,0.255,3.755,1,5,0.0386806594359899,8.07369208918623e-06,0.0386748838645972,0.0386864350073826,15150.3158485378
"57",0.03,0.255,3.755,1,5,0.413090219492746,0.000626003973131883,0.412642403227401,0.413538035758091,2086.73751094669
"58",0.05,0.255,3.755,1,5,0.952872499427655,0.000626559145371989,0.952424286016014,0.953320712839296,4809.19868489017
"59",0.07,0.255,3.755,1,5,1.29088355216949,0.000721397881450238,1.29036749521304,1.29139960912594,5658.64181732557
"60",0.09,0.255,3.755,1,5,1.47886483955327,0.000666393012406898,1.47838813070975,1.47934154839679,7017.75252359983
"61",0.01,0.5,3.755,1,5,0.0606031045115148,1.54489406241456e-05,0.0605920530051494,0.0606141560178803,12404.9828526162
"62",0.03,0.5,3.755,1,5,0.638545655079303,0.00032102246621604,0.638316009441124,0.638775300717482,6290.08518891619
"63",0.05,0.5,3.755,1,5,1.16392883455901,0.000535843374892479,1.16354551530026,1.16431215381776,6868.9216364583
"64",0.07,0.5,3.755,1,5,1.45061622336715,0.000627960591578781,1.45016700742128,1.45106543931301,7304.99865461105
"65",0.09,0.5,3.755,1,5,1.60268746691618,0.000506107013753982,1.60232541976873,1.60304951406363,10013.9745846804
"66",0.01,0.745,3.755,1,5,0.0853774430341223,3.20945537939139e-05,0.0853544839734218,0.0854004020948229,8412.24285349938
"67",0.03,0.745,3.755,1,5,0.755365193173658,0.000315481225953207,0.755139511499968,0.755590874847347,7571.52654147515
"68",0.05,0.745,3.755,1,5,1.26027723300896,0.000711344718071335,1.25976836765236,1.26078609836556,5602.55307773776
"69",0.07,0.745,3.755,1,5,1.52522224277749,0.000749926977449304,1.5246857773352,1.52575870821978,6431.52782892549
"70",0.09,0.745,3.755,1,5,1.66328870299281,0.000696999968179172,1.66279009925211,1.6637873067335,7546.31412914571
"71",0.01,0.99,3.755,1,5,0.114269334558475,0.000104158599388726,0.114194823985086,0.114343845131864,3469.24177204023
"72",0.03,0.99,3.755,1,5,0.830043346644543,0.000432315672390974,0.829734086642739,0.830352606646347,6071.55303333906
"73",0.05,0.99,3.755,1,5,1.32280453101137,0.00070834983188416,1.32229780806729,1.32331125395545,5905.38040513129
"74",0.07,0.99,3.755,1,5,1.57338549023236,0.000744160319861157,1.5728531500084,1.57391783045633,6686.03478820691
"75",0.09,0.99,3.755,1,5,1.70178416998773,0.000744074574836474,1.70125189110207,1.7023164488734,7232.49287796604
"76",0.01,0.01,5.6275,1,5,0.0215279235770026,4.37015485966787e-06,0.0215247973565435,0.0215310497974616,15577.7710363658
"77",0.03,0.01,5.6275,1,5,0.150154770207711,0.000138258345185122,0.150055866145675,0.150253674269747,3434.37551461927
"78",0.05,0.01,5.6275,1,5,0.379730472445857,0.000346214672505624,0.379482805388931,0.379978139502782,3468.40641157752
"79",0.07,0.01,5.6275,1,5,0.575842300270881,0.000454145260436515,0.575517424322514,0.576167176219248,4009.67135531987
"80",0.09,0.01,5.6275,1,5,0.719616849422153,0.000982945544513217,0.718913692538693,0.720320006305614,2315.11124854367
"81",0.01,0.255,5.6275,1,5,0.0580607680763511,1.49767846117298e-05,0.0580500543300499,0.0580714818226523,12259.2582172988
"82",0.03,0.255,5.6275,1,5,0.632284292857185,0.000414284435200405,0.631987931625428,0.632580654088941,4826.2940248055
"83",0.05,0.255,5.6275,1,5,1.14279830834511,0.000537121141042031,1.14241407502753,1.1431825416627,6728.1759819526
"84",0.07,0.255,5.6275,1,5,1.42121651040989,0.000557740126164444,1.4208175271589,1.42161549366088,8058.0202325385
"85",0.09,0.255,5.6275,1,5,1.56611100579016,0.000488395444993346,1.56576162873574,1.56646038284458,10140.3031042223
"86",0.01,0.5,5.6275,1,5,0.102205585391487,6.72003164427072e-05,0.102157513181036,0.102253657601937,4809.53746257255
"87",0.03,0.5,5.6275,1,5,0.818276676564797,0.000505382142190503,0.817915147959226,0.818638205170367,5120.12166263343
"88",0.05,0.5,5.6275,1,5,1.29901399041983,0.000802928772178334,1.29843960977765,1.29958837106201,5116.07388412088
"89",0.07,0.5,5.6275,1,5,1.53606263188321,0.000702368908625735,1.53556018743388,1.53656507633253,6915.81943017364
"90",0.09,0.5,5.6275,1,5,1.65584486384873,0.000618378446989372,1.65540250255618,1.65628722514129,8467.69684025451
"91",0.01,0.745,5.6275,1,5,0.151254023504692,0.000316579613729199,0.151027556091721,0.151480490917663,1510.85919243244
"92",0.03,0.745,5.6275,1,5,0.90963549050276,0.000781130201596062,0.909076703618586,0.910194277386934,3682.51027118868
"93",0.05,0.745,5.6275,1,5,1.36915665754694,0.000700838779009109,1.3686553076864,1.36965800740747,6177.81669780464
"94",0.07,0.745,5.6275,1,5,1.58949016464547,0.000791297060910081,1.58892410482827,1.59005622446266,6352.11412631153
"95",0.09,0.745,5.6275,1,5,1.70243841890466,0.000752902547949721,1.70189982486747,1.70297701294186,7150.43798772496
"96",0.01,0.99,5.6275,1,5,0.198300816653344,0.000403894027241666,0.198011888271676,0.198589745035011,1552.59102685568
"97",0.03,0.99,5.6275,1,5,0.968477394407848,0.000761888166051106,0.967932372446686,0.96902241636901,4019.74274595648
"98",0.05,0.99,5.6275,1,5,1.41643827150195,0.00106044462129466,1.41567967511871,1.41719686788519,4223.8614002395
"99",0.07,0.99,5.6275,1,5,1.62610263905578,0.000889637947098358,1.62546623040651,1.62673904770505,5780.09072724326
"100",0.09,0.99,5.6275,1,5,1.7332441304103,0.000935845875116301,1.73257466660061,1.73391359421999,5856.7327579804
"101",0.01,0.01,7.5,1,5,0.0252265351086014,6.19910394819817e-06,0.0252221005367812,0.0252309696804216,12868.5224645363
"102",0.03,0.01,7.5,1,5,0.210519374117534,0.000228865992028532,0.210355653249595,0.210683094985474,2908.77953471355
"103",0.05,0.01,7.5,1,5,0.460584843039265,0.000352926154830545,0.460332374877109,0.460837311201421,4126.91759967337
"104",0.07,0.01,7.5,1,5,0.651777571774127,0.000950192466450594,0.65109784503125,0.652457298517004,2169.14122916516
"105",0.09,0.01,7.5,1,5,0.788058982218934,0.00117127255950937,0.787221104304715,0.788896860133153,2127.65277742855
"106",0.01,0.255,7.5,1,5,0.085573175101435,5.98718783504157e-05,0.0855303453397836,0.0856160048630864,4519.75363707736
"107",0.03,0.255,7.5,1,5,0.763231471950765,0.000423686133978187,0.762928385148859,0.76353455875267,5696.55138492587
"108",0.05,0.255,7.5,1,5,1.24324770461685,0.000656960550195051,1.24277774335031,1.24371766588338,5984.36913936189
"109",0.07,0.255,7.5,1,5,1.48712707664243,0.000536562900375433,1.48674324266615,1.4875109106187,8764.50594889689
"110",0.09,0.255,7.5,1,5,1.61073729848826,0.000553115428004106,1.61034162354703,1.61113297342948,9208.92514929374
"111",0.01,0.5,7.5,1,5,0.154984079628032,0.000243320466052811,0.154810018652277,0.155158140603787,2014.22716567996
"112",0.03,0.5,7.5,1,5,0.923134008655154,0.000432911230460999,0.922824322616771,0.923443694693536,6743.19779092649
"113",0.05,0.5,7.5,1,5,1.37052740615868,0.000771348223773838,1.3699756168799,1.37107919543747,5618.71806476714
"114",0.07,0.5,7.5,1,5,1.58005492651906,0.000606915081388098,1.57962076562425,1.58048908741386,8232.7372464404
"115",0.09,0.5,7.5,1,5,1.68379178122345,0.000669755904192892,1.68331266671207,1.68427089573483,7950.08614452546
"116",0.01,0.745,7.5,1,5,0.215904842803007,0.000298206194048812,0.215691518942691,0.216118166663324,2289.52675948226
"117",0.03,0.745,7.5,1,5,1.00098266045688,0.000934156974497503,1.00031440481391,1.00165091609984,3388.49378829655
"118",0.05,0.745,7.5,1,5,1.42806356628086,0.000753226538996201,1.42752474047443,1.42860239208729,5995.45193796353
"119",0.07,0.745,7.5,1,5,1.62306983812733,0.000958155456860717,1.62238441500427,1.62375526125039,5356.74816988415
"120",0.09,0.745,7.5,1,5,1.72234853989554,0.000845557354382385,1.72174366460269,1.72295341518839,6441.36590203697
"121",0.01,0.99,7.5,1,5,0.2545430457402,0.000151117632337589,0.254434942698294,0.254651148782107,5326.55107576902
"122",0.03,0.99,7.5,1,5,1.05070337308815,0.00116607689000853,1.04986921193199,1.05153753424431,2849.3968387933
"123",0.05,0.99,7.5,1,5,1.46470726720499,0.00111840625250064,1.46390720756858,1.46550732684139,4141.43881922365
"124",0.07,0.99,7.5,1,5,1.65376536986277,0.00121614587206125,1.65289539151452,1.65463534821102,4300.19572850531
"125",0.09,0.99,7.5,1,5,1.74856054489188,0.00102754958123214,1.74782548020272,1.74929560958104,5381.18456720409
"126",0.01,0.01,0.01,3.25,5,0.369370465776495,0.000135470171706038,0.369273556253612,0.369467375299378,8622.2078081188
"127",0.03,0.01,0.01,3.25,5,0.893800513340209,0.000826784141556088,0.8932090675948,0.894391959085619,3418.60136632898
"128",0.05,0.01,0.01,3.25,5,1.19866411413075,0.0014915117675056,1.19759715088753,1.19973107737397,2541.38708975821
"129",0.07,0.01,0.01,3.25,5,1.37707064517974,0.00192926570495089,1.37569053163426,1.37845075872523,2257.1695161276
"130",0.09,0.01,0.01,3.25,5,1.48651275868598,0.00217487393218112,1.48495694759898,1.48806856977298,2161.39704411908
"131",0.01,0.255,0.01,3.25,5,0.381509137888306,0.000153255762256344,0.381399505320396,0.381618770456216,7872.05522410526
"132",0.03,0.255,0.01,3.25,5,0.937700497618992,0.000891187827482048,0.937062980252085,0.938338014985898,3327.32252854861
"133",0.05,0.255,0.01,3.25,5,1.2491197382061,0.00155124405615788,1.24801004505769,1.25022943135452,2546.38425676748
"134",0.07,0.255,0.01,3.25,5,1.42145191467097,0.00197188596620502,1.42004131242725,1.42286251691468,2279.5565827868
"135",0.09,0.255,0.01,3.25,5,1.52234921405146,0.00221416627947899,1.52076529491247,1.52393313319045,2174.22284639914
"136",0.01,0.5,0.01,3.25,5,0.393016602570342,0.000170748110357727,0.392894456730416,0.393138748410268,7278.71962846132
"137",0.03,0.5,0.01,3.25,5,0.976189093118246,0.000950672194463564,0.975509023198623,0.97686916303787,3247.1560431088
"138",0.05,0.5,0.01,3.25,5,1.29136544204747,0.00160396376299468,1.29021803549269,1.29251284860226,2545.97777251265
"139",0.07,0.5,0.01,3.25,5,1.45789630413519,0.00200927701945917,1.45645895394331,1.45933365432707,2294.49342662052
"140",0.09,0.5,0.01,3.25,5,1.55169493640856,0.00224927538448688,1.55008590172884,1.55330397108828,2181.54267220622
"141",0.01,0.745,0.01,3.25,5,0.403929235746453,0.000187892656578999,0.403794825436988,0.404063646055918,6798.22416557742
"142",0.03,0.745,0.01,3.25,5,1.01009088659315,0.00100583855258212,1.00937135303827,1.01081042014803,3175.64666537517
"143",0.05,0.745,0.01,3.25,5,1.32711157857831,0.00165121118357036,1.32593037325492,1.32829278390169,2541.58604256458
"144",0.07,0.745,0.01,3.25,5,1.48826741949882,0.0020426906604686,1.48680616662809,1.48972867236955,2303.97823033954
"145",0.09,0.745,0.01,3.25,5,1.57613361619605,0.00228091069838196,1.57450195097606,1.57776528141604,2185.16758568095
"146",0.01,0.99,0.01,3.25,5,0.414282373858595,0.000204664380587313,0.414135965780535,0.414428781936654,6401.0937911869
"147",0.03,0.99,0.01,3.25,5,1.04010019897527,0.001057223984386,1.03934390649688,1.04085649145366,3111.05846266472
"148",0.05,0.99,0.01,3.25,5,1.3576637774965,0.00169405284880201,1.35645192509203,1.35887562990096,2534.34232387324
"149",0.07,0.99,0.01,3.25,5,1.51391610499782,0.00207291109220547,1.51243323373255,1.51539897626309,2309.51684141463
"150",0.09,0.99,0.01,3.25,5,1.59678769018458,0.00230955060649041,1.59513553720854,1.59843984316063,2186.35003126248
"151",0.01,0.01,1.8825,3.25,5,0.56149968047518,0.00102946431943609,0.560763246064821,0.562236114885539,1724.79789948521
"152",0.03,0.01,1.8825,3.25,5,1.26707489187152,0.00388327043691579,1.26429696754672,1.26985281619632,1031.82167953976
"153",0.05,0.01,1.8825,3.25,5,1.53243836864256,0.00527522462354876,1.52866470027755,1.53621203700756,918.633037370686
"154",0.07,0.01,1.8825,3.25,5,1.64124537602045,0.00619651444885207,1.63681265661651,1.64567809542438,837.579518338022
"155",0.09,0.01,1.8825,3.25,5,1.6932664296656,0.00701959472373588,1.68824491410286,1.69828794522834,762.804522765218
"156",0.01,0.255,1.8825,3.25,5,0.75827082074888,0.00176234009208179,0.75701011859334,0.75953152290442,1360.61302105385
"157",0.03,0.255,1.8825,3.25,5,1.52041309363236,0.00402357678172215,1.51753480019486,1.52329138706987,1194.94882813277
"158",0.05,0.255,1.8825,3.25,5,1.74470131775078,0.00428306455904066,1.74163739793975,1.7477652375618,1288.15009083715
"159",0.07,0.255,1.8825,3.25,5,1.82380415458784,0.0045122765633216,1.82057626638661,1.82703204278906,1278.15196024463
"160",0.09,0.255,1.8825,3.25,5,1.85722025338699,0.00496358808929542,1.85366951636892,1.86077099040506,1183.22592681771
"161",0.01,0.5,1.8825,3.25,5,0.78102416278259,0.00207770229611994,0.77953786409651,0.782510461468671,1188.7243262095
"162",0.03,0.5,1.8825,3.25,5,1.53510698244874,0.00415536763703848,1.53213441151273,1.53807955338474,1168.23225779028
"163",0.05,0.5,1.8825,3.25,5,1.75400264317352,0.00423606671961833,1.75097234359149,1.75703294275556,1309.38527211953
"164",0.07,0.5,1.8825,3.25,5,1.83098999338057,0.0045095703333201,1.82776404109967,1.83421594566147,1283.95796585711
"165",0.09,0.5,1.8825,3.25,5,1.86358575705228,0.00513316524342057,1.85991371184591,1.86725780225865,1148.05881515074
"166",0.01,0.745,1.8825,3.25,5,0.792833414082229,0.0024661159993116,0.791069260971197,0.794597567193262,1016.6429293217
"167",0.03,0.745,1.8825,3.25,5,1.54359256775395,0.00449308922401428,1.54037840534841,1.54680673015949,1086.39469417195
"168",0.05,0.745,1.8825,3.25,5,1.75912714541354,0.00421483716112344,1.75611203254279,1.76214225828429,1319.82524132777
"169",0.07,0.745,1.8825,3.25,5,1.83456587619149,0.00440522557145528,1.83141456765659,1.83771718472639,1316.93748533087
"170",0.09,0.745,1.8825,3.25,5,1.86633823868032,0.00511676128083665,1.86267792816187,1.86999854919877,1153.44050554021
"171",0.01,0.99,1.8825,3.25,5,0.80132153789089,0.00300396352902987,0.799172631835115,0.803470443946666,843.552584242754
"172",0.03,0.99,1.8825,3.25,5,1.55030456413669,0.00519553937724129,1.54658789916294,1.55402122911044,943.596638128002
"173",0.05,0.99,1.8825,3.25,5,1.76331443231486,0.0043650416267549,1.76019186964232,1.76643699498741,1277.44253410642
"174",0.07,0.99,1.8825,3.25,5,1.83755704458797,0.00435579493856375,1.83444109659768,1.84067299257826,1334.0539840247
"175",0.09,0.99,1.8825,3.25,5,1.86868216086568,0.00508006690798346,1.86504809992026,1.8723162218111,1163.23110665612
"176",0.01,0.01,3.755,3.25,5,0.608392197828146,0.00169395963461802,0.607180412105086,0.609603983551206,1135.74433327422
"177",0.03,0.01,3.755,3.25,5,1.30733960340648,0.00574403562417326,1.30323056785458,1.31144863895837,719.732796347466
"178",0.05,0.01,3.755,3.25,5,1.56024394253297,0.00790764726252834,1.55458715245374,1.5659007326122,623.943430970328
"179",0.07,0.01,3.755,3.25,5,1.66259778538253,0.00938875449536216,1.65588147501581,1.66931409574925,559.988637167765
"180",0.09,0.01,3.755,3.25,5,1.7099006643031,0.0106737258639828,1.70226514079387,1.71753618781234,506.58792822089
"181",0.01,0.255,3.755,3.25,5,0.791937978426457,0.00256175481510599,0.790105409428067,0.793770547424847,977.582929736107
"182",0.03,0.255,3.755,3.25,5,1.53551952963713,0.00584680244211046,1.53133697913232,1.53970208014194,830.494813772265
"183",0.05,0.255,3.755,3.25,5,1.75045735053414,0.00656458795802154,1.74576132720352,1.75515337386476,843.226141544447
"184",0.07,0.255,3.755,3.25,5,1.82676697787811,0.0071787374655126,1.821631618456,1.83190233730021,804.702001184655
"185",0.09,0.255,3.755,3.25,5,1.85911552411988,0.0081651999166165,1.8532744919709,1.86495655626886,720.011702056732
"186",0.01,0.5,3.755,3.25,5,0.805691288932302,0.00306045625741204,0.803501970413141,0.807880607451463,832.496644189045
"187",0.03,0.5,3.755,3.25,5,1.54369429137162,0.00623801027547992,1.53923188764154,1.5481566951017,782.555615678009
"188",0.05,0.5,3.755,3.25,5,1.75532605849407,0.00660209309628704,1.75060320560378,1.76004891138436,840.767965572761
"189",0.07,0.5,3.755,3.25,5,1.83014606268867,0.00724219310148346,1.82496530983915,1.83532681553819,799.126718631684
"190",0.09,0.5,3.755,3.25,5,1.86155841435017,0.00862888933977122,1.85538567877011,1.86773114993023,682.215793365835
"191",0.01,0.745,3.755,3.25,5,0.814447262946931,0.00397569661716945,0.811603220915794,0.817291304978067,647.81310874672
"192",0.03,0.745,3.755,3.25,5,1.55004370162863,0.00742411810732827,1.54473280746982,1.55535459578745,660.235801624243
"193",0.05,0.745,3.755,3.25,5,1.75893741535646,0.0069431379806781,1.75397059365288,1.76390423706005,801.114497464274
"194",0.07,0.745,3.755,3.25,5,1.83246213190206,0.00721477776385346,1.82730099080364,1.83762327300048,803.178455731586
"195",0.09,0.745,3.755,3.25,5,1.86311296376398,0.00866946753267559,1.8569112002934,1.86931472723457,679.589661242164
"196",0.01,0.99,3.755,3.25,5,0.821575756853593,0.00536498550696108,0.817737877420756,0.82541363628643,484.260518255467
"197",0.03,0.99,3.755,3.25,5,1.55595854690283,0.00948338224626089,1.54917454392101,1.56274254988466,518.841572051879
"198",0.05,0.99,3.755,3.25,5,1.7625320243669,0.00777316400867003,1.75697143781206,1.76809261092175,717.033069129908
"199",0.07,0.99,3.755,3.25,5,1.83506189257672,0.00732594536353058,1.82982122696815,1.84030255818528,792.112818204945
"200",0.09,0.99,3.755,3.25,5,1.86518913785769,0.00865783033865178,1.85899569913421,1.87138257658117,681.261437557183
"201",0.01,0.01,5.6275,3.25,5,0.627523941851429,0.00220017431014446,0.625950031964328,0.62909785173853,901.930784932801
"202",0.03,0.01,5.6275,3.25,5,1.32206961796391,0.00735517841411578,1.31680804029073,1.3273311956371,568.409219013788
"203",0.05,0.01,5.6275,3.25,5,1.57073871689631,0.0101266671437376,1.56349453562057,1.57798289817205,490.498194904574
"204",0.07,0.01,5.6275,3.25,5,1.67117407990603,0.0118923406865572,1.66266681186775,1.67968134794432,444.379840640876
"205",0.09,0.01,5.6275,3.25,5,1.71723954706854,0.0133257848038245,1.70770685488164,1.72677223925543,407.509826760372
"206",0.01,0.255,5.6275,3.25,5,0.803052098187918,0.00321484742027338,0.800752334884184,0.805351861491653,789.920446624197
"207",0.03,0.255,5.6275,3.25,5,1.53458572586265,0.00766942298797009,1.5290993511634,1.54007210056191,632.744623177077
"208",0.05,0.255,5.6275,3.25,5,1.74601624692186,0.00890504136911786,1.73964596408051,1.75238652976322,620.029480276182
"209",0.07,0.255,5.6275,3.25,5,1.82203810312086,0.00964811892758135,1.81513625461639,1.82893995162534,597.1931350269
"210",0.09,0.255,5.6275,3.25,5,1.85418108098024,0.0110601651660393,1.84626911544754,1.86209304651295,530.139950196638
"211",0.01,0.5,5.6275,3.25,5,0.813098859606049,0.00395146340759897,0.810272152968733,0.815925566243366,650.706863258785
"212",0.03,0.5,5.6275,3.25,5,1.53990433932965,0.00834032581456498,1.53393802966016,1.54587064899914,583.862693056253
"213",0.05,0.5,5.6275,3.25,5,1.74921917028215,0.0090940131585331,1.74271370516621,1.7557246353981,608.259149012907
"214",0.07,0.5,5.6275,3.25,5,1.82374086535149,0.0097476828506787,1.81676779310705,1.83071393759594,591.645736200334
"215",0.09,0.5,5.6275,3.25,5,1.85430617550028,0.0117994703361092,1.84586534290855,1.86274700809202,496.957136792158
"216",0.01,0.745,5.6275,3.25,5,0.82062386783988,0.00543776685248105,0.816733923768899,0.82451381191086,477.225411657177
"217",0.03,0.745,5.6275,3.25,5,1.54558600321217,0.0102711492594486,1.53823846565717,1.55293354076717,475.854450789003
"218",0.05,0.745,5.6275,3.25,5,1.75286114033489,0.00973293277713928,1.74589861965742,1.75982366101236,569.513193235833
"219",0.07,0.745,5.6275,3.25,5,1.82581456740777,0.00974292127984896,1.8188449013859,1.83278423342964,592.607951176332
"220",0.09,0.745,5.6275,3.25,5,1.85509892812183,0.0118858472105226,1.84659630523647,1.86360155100719,493.556563019627
"221",0.01,0.99,5.6275,3.25,5,0.827317812425061,0.00761667579900801,0.821869170791701,0.832766454058421,343.484310626937
"222",0.03,0.99,5.6275,3.25,5,1.55161905481112,0.0133124339225249,1.54209591326936,1.56114219635288,368.576497932406
"223",0.05,0.99,5.6275,3.25,5,1.75690563455203,0.0110932521253843,1.74897000003446,1.7648412690696,500.829096496839
"224",0.07,0.99,5.6275,3.25,5,1.82856840644658,0.0100258675954794,1.82139633282381,1.83574048006936,576.752182963495
"225",0.09,0.99,5.6275,3.25,5,1.85698449390111,0.0119116274947551,1.84846342891139,1.86550555889083,492.988937315934
"226",0.01,0.01,7.5,3.25,5,0.638344566606039,0.00261897877030716,0.636471062056109,0.640218071155969,770.767134638282
"227",0.03,0.01,7.5,3.25,5,1.33323476951735,0.00870313326004813,1.32700892303619,1.3394606159985,484.429963488933
"228",0.05,0.01,7.5,3.25,5,1.57938532053706,0.0117747413663218,1.57096217798464,1.58780846308947,424.166846689083
"229",0.07,0.01,7.5,3.25,5,1.67801220038969,0.0135785373556973,1.66829869991931,1.68772570086006,390.788812946474
"230",0.09,0.01,7.5,3.25,5,1.72306134428205,0.0149239237259741,1.7123854123805,1.73373727618361,365.104948013072
"231",0.01,0.255,7.5,3.25,5,0.807924523419862,0.0037650527170164,0.805231166957401,0.810617879882323,678.577927997093
"232",0.03,0.255,7.5,3.25,5,1.53454765301387,0.00921018576076529,1.52795908302463,1.5411362230031,526.88033527636
"233",0.05,0.255,7.5,3.25,5,1.74485004552969,0.0107238945461085,1.73717863350723,1.75252145755215,514.523925575583
"234",0.07,0.255,7.5,3.25,5,1.8201691080977,0.0115276080915088,1.81192275404012,1.82841546215528,499.312612171968
"235",0.09,0.255,7.5,3.25,5,1.85131747768772,0.0129729558102063,1.84203718415804,1.86059777121741,451.275714433969
"236",0.01,0.5,7.5,3.25,5,0.815928877636243,0.00469606795657495,0.8125695129926,0.819288242279887,549.437036664436
"237",0.03,0.5,7.5,3.25,5,1.54013772415239,0.00983445752746247,1.53310257704365,1.54717287126114,495.232513340911
"238",0.05,0.5,7.5,3.25,5,1.74816228494968,0.0108223856961142,1.74042041660289,1.75590415329647,510.809233312596
"239",0.07,0.5,7.5,3.25,5,1.82184091706282,0.0115988854001973,1.81354357429023,1.83013825983542,496.700039152938
"240",0.09,0.5,7.5,3.25,5,1.8507228680675,0.0138754571667964,1.84079696395973,1.86064877217527,421.787874121905
"241",0.01,0.745,7.5,3.25,5,0.822784148638609,0.00663065074243024,0.818040866838932,0.827527430438286,392.400690890093
"242",0.03,0.745,7.5,3.25,5,1.5469564702901,0.0117093807116053,1.53858008393341,1.55533285664679,417.776653414547
"243",0.05,0.745,7.5,3.25,5,1.75251839481669,0.0114826796647607,1.74430418061945,1.76073260901392,482.635580784395
"244",0.07,0.745,7.5,3.25,5,1.82455479592972,0.0116312982955141,1.81623426636862,1.83287532549082,496.053727136107
"245",0.09,0.745,7.5,3.25,5,1.85169607706613,0.0140976537045533,1.8416112231306,1.86178093100167,415.358275968747
"246",0.01,0.99,7.5,3.25,5,0.829290254789489,0.00936092381216221,0.822593853294194,0.835986656284785,280.14820963599
"247",0.03,0.99,7.5,3.25,5,1.55397424301131,0.0147192869524582,1.5434446994389,1.56450378658371,333.854353748505
"248",0.05,0.99,7.5,3.25,5,1.75713910936982,0.0130076404441502,1.74783400394772,1.76644421479193,427.176763935479
"249",0.07,0.99,7.5,3.25,5,1.8276978580493,0.0121346658628188,1.81901724102269,1.83637847507591,476.295612206031
"250",0.09,0.99,7.5,3.25,5,1.85368642614005,0.0142731504759709,1.84347602937711,1.863896822903,410.692172285902
"251",0.01,0.01,0.01,5.5,5,0.47913783547134,0.000230336669710255,0.478973062543964,0.479302608398715,6578.05322599484
"252",0.03,0.01,0.01,5.5,5,1.0712552510681,0.00119463533182206,1.07040066043337,1.07210984170284,2835.6825372174
"253",0.05,0.01,0.01,5.5,5,1.35665928941808,0.00188040901536146,1.35531412584289,1.35800445299327,2281.48946763162
"254",0.07,0.01,0.01,5.5,5,1.50302552488629,0.00220692519025022,1.50144678571049,1.5046042640621,2153.66794534249
"255",0.09,0.01,0.01,5.5,5,1.58546009573019,0.00231073800473542,1.58380709334062,1.58711309811977,2169.7245778368
"256",0.01,0.255,0.01,5.5,5,0.496722163772683,0.000258762566858524,0.496537056183474,0.496907271361892,6070.32702171201
"257",0.03,0.255,0.01,5.5,5,1.11712285748273,0.00126410932263028,1.11621856814888,1.11802714681657,2794.57843767071
"258",0.05,0.255,0.01,5.5,5,1.39880075462725,0.00193112294891115,1.39741931248946,1.40018219676503,2290.58247165387
"259",0.07,0.255,0.01,5.5,5,1.53491974384528,0.00225403255983799,1.53330730608731,1.53653218160324,2153.40386052904
"260",0.09,0.255,0.01,5.5,5,1.608644402682,0.00237506387938259,1.60694538433376,1.61034342103024,2141.8288164437
"261",0.01,0.5,0.01,5.5,5,0.51223910836485,0.000285707430574437,0.512034725581301,0.512443491148398,5669.58404193379
"262",0.03,0.5,0.01,5.5,5,1.15315163649509,0.00132592277847617,1.15220312847873,1.15410014451146,2750.22476276177
"263",0.05,0.5,0.01,5.5,5,1.43100062050872,0.00197643081134329,1.42958676707865,1.43241447393879,2289.59256653473
"264",0.07,0.5,0.01,5.5,5,1.55953536214178,0.0022954075328524,1.55789332651114,1.56117739777243,2148.50032744085
"265",0.09,0.5,0.01,5.5,5,1.62695968219106,0.0024296552751326,1.62522161151087,1.62869775287126,2117.54248005683
"266",0.01,0.745,0.01,5.5,5,0.525956807608614,0.000311228974507746,0.525734167812361,0.526179447404866,5344.0444147105
"267",0.03,0.745,0.01,5.5,5,1.18188380086726,0.00138200144064426,1.18089517659263,1.18287242514189,2704.37108853889
"268",0.05,0.745,0.01,5.5,5,1.45619069923985,0.00201798970413066,1.45474711636882,1.45763428211088,2281.91417811762
"269",0.07,0.745,0.01,5.5,5,1.5790312823543,0.00233237379232194,1.57736280265466,1.58069976205395,2140.88126240051
"270",0.09,0.745,0.01,5.5,5,1.64179573689736,0.00247638329502982,1.64002423900543,1.64356723478929,2096.53085278452
"271",0.01,0.99,0.01,5.5,5,0.538116030886913,0.00033544258108925,0.537876069719974,0.538355992053852,5072.91679406499
"272",0.03,0.99,0.01,5.5,5,1.20514736948934,0.00143360887454462,1.20412182748047,1.20617291149821,2658.33357439097
"273",0.05,0.99,0.01,5.5,5,1.47631303495566,0.00205678629568959,1.47484169867493,1.47778437123638,2269.80884676229
"274",0.07,0.99,0.01,5.5,5,1.59480929829437,0.00236597680406491,1.59311678044822,1.59650181614053,2131.56350796021
"275",0.09,0.99,0.01,5.5,5,1.65405941313938,0.00251690619133875,1.65225892691372,1.65585989936503,2078.18437920395
"276",0.01,0.01,1.8825,5.5,5,0.603183986084662,0.00124444187963867,0.602293765991983,0.60407420617734,1532.76362309558
"277",0.03,0.01,1.8825,5.5,5,1.23857480482326,0.00439944312617209,1.23542763280052,1.24172197684599,890.27572886205
"278",0.05,0.01,1.8825,5.5,5,1.48496468528258,0.00601570469399681,1.48066130938545,1.48926806117971,780.601922679841
"279",0.07,0.01,1.8825,5.5,5,1.59425353200687,0.00674650362686237,1.58942737404624,1.5990796899675,747.271862248226
"280",0.09,0.01,1.8825,5.5,5,1.64952489357356,0.0072263176068645,1.64435549736875,1.65469428977836,721.841469559018
"281",0.01,0.255,1.8825,5.5,5,0.672792274340098,0.00310497895576674,0.670571106201197,0.675013442478999,685.207857891647
"282",0.03,0.255,1.8825,5.5,5,1.30381639614772,0.00921917836929004,1.29722139323388,1.31041139906157,447.22309270351
"283",0.05,0.255,1.8825,5.5,5,1.56717299289328,0.0100299058329467,1.55999803048945,1.57434795529712,494.105949506172
"284",0.07,0.255,1.8825,5.5,5,1.68350745280681,0.0103543908934234,1.67610036777408,1.69091453783954,514.150765944072
"285",0.09,0.255,1.8825,5.5,5,1.73674413446989,0.011976834377226,1.72817642328648,1.74531184565331,458.557495652257
"286",0.01,0.5,1.8825,5.5,5,0.663342343308791,0.00559954282343362,0.659336671679769,0.667348014937813,374.614989014916
"287",0.03,0.5,1.8825,5.5,5,1.24222949099202,0.0168049488113933,1.2302079548053,1.25425102717873,233.757008858195
"288",0.05,0.5,1.8825,5.5,5,1.52446395096339,0.0150359405093019,1.5137078870823,1.53522001484449,320.617010481067
"289",0.07,0.5,1.8825,5.5,5,1.65810768127993,0.0143044885906088,1.64787486658026,1.6683404959796,366.556053049495
"290",0.09,0.5,1.8825,5.5,5,1.71699813746169,0.0169995355457936,1.70483740231071,1.72915887261267,319.398423446301
"291",0.01,0.745,1.8825,5.5,5,0.654285847678309,0.00951816903775544,0.647476959724954,0.661094735631663,217.377261453361
"292",0.03,0.745,1.8825,5.5,5,1.16170142469999,0.0330227542112548,1.1380783694208,1.18532447997919,111.245186867621
"293",0.05,0.745,1.8825,5.5,5,1.45979966244714,0.0265364996340839,1.44081659417361,1.47878273072067,173.9600898586
"294",0.07,0.745,1.8825,5.5,5,1.61651332168729,0.0212778234350634,1.601292083749,1.63173455962559,240.243743921314
"295",0.09,0.745,1.8825,5.5,5,1.68837539380353,0.0240633797678419,1.67116148890561,1.70558929870145,221.87705307041
"296",0.01,0.99,1.8825,5.5,5,0.64513618495851,0.0157981960671665,0.633834836299984,0.656437533617036,129.134980777995
"297",0.03,0.99,1.8825,5.5,5,1.09359329411992,0.0557024795863331,1.05374614066815,1.13344044757169,62.0842315995188
"298",0.05,0.99,1.8825,5.5,5,1.39178426577898,0.0463889699041302,1.35859959579719,1.42496893576076,94.8761807072341
"299",0.07,0.99,1.8825,5.5,5,1.56946008459788,0.0305249852834974,1.54762382557068,1.59129634362508,162.590367135509
"300",0.09,0.99,1.8825,5.5,5,1.65570282731006,0.0333735888862429,1.63182880002326,1.67957685459686,156.884297955695
"301",0.01,0.01,3.755,5.5,5,0.590444378998597,0.00187511142109727,0.589103005094051,0.591785752903143,995.753664700438
"302",0.03,0.01,3.755,5.5,5,1.18679545683587,0.00698010547347857,1.18180219018101,1.19178872349072,537.667629035279
"303",0.05,0.01,3.755,5.5,5,1.43072877359905,0.00939490176931956,1.42400806573745,1.43744948146065,481.576258017657
"304",0.07,0.01,3.755,5.5,5,1.54678150068047,0.01095861527487,1.53894217956372,1.55462082179722,446.347687374361
"305",0.09,0.01,3.755,5.5,5,1.60698397824321,0.0123804985889249,1.59812750307827,1.61584045340816,410.462429937428
"306",0.01,0.255,3.755,5.5,5,0.5690583271561,0.00660414317909905,0.564334007724913,0.573782646587288,272.483558653557
"307",0.03,0.255,3.755,5.5,5,1.07465842274508,0.0178947498127735,1.0618572898859,1.08745955560427,189.908680373544
"308",0.05,0.255,3.755,5.5,5,1.34656794837262,0.0257872440198998,1.32812086527704,1.36501503146821,165.128997024711
"309",0.07,0.255,3.755,5.5,5,1.52618777597302,0.0295407449921077,1.5050556000354,1.54731995191064,163.375348538804
"310",0.09,0.255,3.755,5.5,5,1.61890394572986,0.0333512716621946,1.5950458832234,1.64276200823631,153.500107384004
"311",0.01,0.5,3.755,5.5,5,0.509881409115803,0.0160176731300674,0.498423056024629,0.521339762206978,100.662972473536
"312",0.03,0.5,3.755,5.5,5,1.01827778109327,0.0335184381208296,0.994300134906181,1.04225542728035,96.0688283681092
"313",0.05,0.5,3.755,5.5,5,1.22870924000362,0.0385274470791226,1.20114836466615,1.25627011534109,100.85069411753
"314",0.07,0.5,3.755,5.5,5,1.38843913641655,0.0468019140828251,1.35495906396475,1.42191920886834,93.8130448217022
"315",0.09,0.5,3.755,5.5,5,1.50878242493713,0.0548652017988829,1.46953422393282,1.54803062594143,86.9620232861425
"316",0.01,0.745,3.755,5.5,5,0.493263105479893,0.0343601540905287,0.468683331961017,0.517842878998768,45.3966211832067
"317",0.03,0.745,3.755,5.5,5,1.0300197758921,0.0470228898865217,0.996381626873078,1.06365792491112,69.2685739795173
"318",0.05,0.745,3.755,5.5,5,1.21759002309094,0.0535379472983482,1.17929128275957,1.2558887634223,71.918292044476
"319",0.07,0.745,3.755,5.5,5,1.32432440055792,0.060521488649495,1.28102993569288,1.36761886542296,69.1966037212659
"320",0.09,0.745,3.755,5.5,5,1.42961884193831,0.066284060588603,1.38220208144048,1.47703560243615,68.2042060530407
"321",0.01,0.99,3.755,5.5,5,0.510388512836968,0.0423133147514851,0.480119390914983,0.540657634758953,38.1437900015682
"322",0.03,0.99,3.755,5.5,5,1.0567858659433,0.0720851811495249,1.00521923378985,1.10835249809676,46.3597411029913
"323",0.05,0.99,3.755,5.5,5,1.24405855228805,0.0800111027153197,1.18682205740631,1.30129504716978,49.1689082431387
"324",0.07,0.99,3.755,5.5,5,1.32965331062806,0.084611329127507,1.26912601201335,1.39018060924278,49.6946804089513
"325",0.09,0.99,3.755,5.5,5,1.41716441033996,0.0771243070145171,1.36199300469892,1.472335815981,58.107068044841
"326",0.01,0.01,5.6275,5.5,5,0.573565202921509,0.00249083927464839,0.571783363844726,0.575347041998291,728.177223761121
"327",0.03,0.01,5.6275,5.5,5,1.15012905980963,0.00892774797698576,1.14374253363953,1.15651558597973,407.384644091892
"328",0.05,0.01,5.6275,5.5,5,1.39219457596622,0.0126369546022096,1.3831546432211,1.40123450871135,348.383447180843
"329",0.07,0.01,5.6275,5.5,5,1.5109071341002,0.0149975553075674,1.50017852933825,1.52163573886214,318.579113646826
"330",0.09,0.01,5.6275,5.5,5,1.57696097482015,0.0165957945951986,1.56508905854641,1.5888328910939,300.485067649239
"331",0.01,0.255,5.6275,5.5,5,0.504222285558881,0.0155540649075409,0.493095577811356,0.515348993306406,102.512807993289
"332",0.03,0.255,5.6275,5.5,5,1.04444264443857,0.0194137408272932,1.03055489086704,1.0583303980101,170.127832199755
"333",0.05,0.255,5.6275,5.5,5,1.28970236169142,0.0230373207508053,1.27322245519727,1.30618226818557,177.034344000294
"334",0.07,0.255,5.6275,5.5,5,1.4336511335895,0.0340999706602794,1.40925748408427,1.45804478309472,132.950347593876
"335",0.09,0.255,5.6275,5.5,5,1.5333156410825,0.0453622132913723,1.5008654685344,1.5657658136306,106.890062145715
"336",0.01,0.5,5.6275,5.5,5,0.53113113344938,0.0326061979304099,0.507806064582415,0.554456202316345,51.5111918755922
"337",0.03,0.5,5.6275,5.5,5,1.07090189604236,0.0358562912895411,1.04525185044589,1.09655194163883,94.4461632894678
"338",0.05,0.5,5.6275,5.5,5,1.26954665196755,0.0382562404311106,1.24217978617868,1.29691351775642,104.941284632709
"339",0.07,0.5,5.6275,5.5,5,1.36126626445316,0.0485223458491499,1.32655546925607,1.39597705965024,88.7158652840874
"340",0.09,0.5,5.6275,5.5,5,1.43855190079775,0.0611697356789992,1.39479370794337,1.48231009365212,74.3684844864757
"341",0.01,0.745,5.6275,5.5,5,0.545306867990738,0.0417457165845452,0.515443781337289,0.575169954644186,41.3075129059324
"342",0.03,0.745,5.6275,5.5,5,1.10501829214807,0.0541067548386974,1.06631265141455,1.14372393288159,64.5829650984365
"343",0.05,0.745,5.6275,5.5,5,1.29054137176175,0.058122026804911,1.24896337849784,1.33211936502565,70.2152071045876
"344",0.07,0.745,5.6275,5.5,5,1.35618967398245,0.0700001917863969,1.30611455336878,1.40626479459612,61.2662365564996
"345",0.09,0.745,5.6275,5.5,5,1.41824566037969,0.0775169749782777,1.36279335699902,1.47369796376035,57.8568316127689
"346",0.01,0.99,5.6275,5.5,5,0.56900805341689,0.0316953868859345,0.546334539520624,0.591681567313155,56.7704525031254
"347",0.03,0.99,5.6275,5.5,5,1.12781225548786,0.0823282732405592,1.06891815666859,1.18670635430713,43.3199356674512
"348",0.05,0.99,5.6275,5.5,5,1.32749959479086,0.0873606899712064,1.2650055219096,1.38999366767212,48.0527605021586
"349",0.07,0.99,5.6275,5.5,5,1.38511951694401,0.0933178281087004,1.31836396415627,1.45187506973175,46.9377887791505
"350",0.09,0.99,5.6275,5.5,5,1.44037751646877,0.0962029272186898,1.37155808810829,1.50919694482926,47.3465181800946
"351",0.01,0.01,7.5,5.5,5,0.554324842526193,0.00375178579574149,0.551640976647487,0.557008708404899,467.225252568155
"352",0.03,0.01,7.5,5.5,5,1.17939475418284,0.0130689659818569,1.17004577911382,1.18874372925185,285.376340320249
"353",0.05,0.01,7.5,5.5,5,1.4025180116971,0.020834221817218,1.38761410723962,1.41742191615457,212.878187401661
"354",0.07,0.01,7.5,5.5,5,1.51227472741043,0.0204236084314255,1.49766455807417,1.52688489674669,234.152187287769
"355",0.09,0.01,7.5,5.5,5,1.57519070328517,0.0200476280603056,1.5608494941039,1.58953191246645,248.467816567607
"356",0.01,0.255,7.5,5.5,5,0.521462079517659,0.0152903623831681,0.510524013192065,0.532400145843252,107.846226489629
"357",0.03,0.255,7.5,5.5,5,1.06204551283985,0.0209487169000625,1.04705970353416,1.07703132214553,160.319260380357
"358",0.05,0.255,7.5,5.5,5,1.30751789433544,0.0310016081042466,1.28534067988187,1.329695108789,133.371617808464
"359",0.07,0.255,7.5,5.5,5,1.43790659731175,0.0400107977292305,1.40928459684275,1.46652859778075,113.645819832424
"360",0.09,0.255,7.5,5.5,5,1.52069178432672,0.0493159706670521,1.4854132641354,1.55597030451805,97.5110008488745
"361",0.01,0.5,7.5,5.5,5,0.544688552685588,0.0364107464064209,0.518641873792208,0.570735231578968,47.3062656469831
"362",0.03,0.5,7.5,5.5,5,1.11150853682885,0.0365335511527756,1.08537400871208,1.13764306494562,96.210154890275
"363",0.05,0.5,7.5,5.5,5,1.31671469343962,0.0392350429261122,1.28864763452638,1.34478175235287,106.124962516823
"364",0.07,0.5,7.5,5.5,5,1.4107088764096,0.0530146159084786,1.37278450480209,1.44863324801712,84.1476088890775
"365",0.09,0.5,7.5,5.5,5,1.46581466097921,0.0646038970734834,1.41959981705507,1.51202950490334,71.7497421415525
"366",0.01,0.745,7.5,5.5,5,0.573350565775651,0.0366966314107274,0.547099377070127,0.599601754481175,49.4076326871579
"367",0.03,0.745,7.5,5.5,5,1.15505467042352,0.0699324236608844,1.10502802820644,1.2050813126406,52.2304732103326
"368",0.05,0.745,7.5,5.5,5,1.34212271663978,0.0666309729052948,1.29445779002043,1.38978764325913,63.6965738151065
"369",0.07,0.745,7.5,5.5,5,1.4078643501925,0.0820523096603125,1.34916766382615,1.46656103655885,54.2587771336632
"370",0.09,0.745,7.5,5.5,5,1.47239489554076,0.0810759617550122,1.4143966463911,1.53039314469042,57.4291242968408
"371",0.01,0.99,7.5,5.5,5,0.599530487602051,0.0360128828211588,0.573768423172022,0.625292552032079,52.6445460350629
"372",0.03,0.99,7.5,5.5,5,1.17697481594415,0.0771556270745357,1.12178100528189,1.23216862660642,48.2391409176864
"373",0.05,0.99,7.5,5.5,5,1.38103471671881,0.0901106898495219,1.31657341243317,1.44549602100444,48.4650072026945
"374",0.07,0.99,7.5,5.5,5,1.43842894166824,0.109992677105181,1.35974492049484,1.51711296284163,41.3546776721088
"375",0.09,0.99,7.5,5.5,5,1.49586816058317,0.113270661373037,1.4148392107261,1.57689711044023,41.7614800640277
"376",0.01,0.01,0.01,7.75,5,0.529028746124313,0.000282099524685994,0.528826944281158,0.529230547967468,5930.3034534282
"377",0.03,0.01,0.01,7.75,5,1.14050448021768,0.00135359271517804,1.139536178321,1.14147278211435,2664.45866520486
"378",0.05,0.01,0.01,7.75,5,1.41180027553779,0.00201241448657099,1.41036068093715,1.41323987013844,2218.48158107822
"379",0.07,0.01,0.01,7.75,5,1.54397596042971,0.00227249705561841,1.54235031396718,1.54560160689225,2148.50913686893
"380",0.09,0.01,0.01,7.75,5,1.61621825844597,0.00230586577811577,1.61456874143735,1.61786777545458,2216.49106428749
"381",0.01,0.255,0.01,7.75,5,0.548720766129259,0.000314908969598437,0.548495493823104,0.548946038435413,5510.18734910511
"382",0.03,0.255,0.01,7.75,5,1.18453033321667,0.00141972387362224,1.18351472393911,1.18554594249424,2638.41010221652
"383",0.05,0.255,0.01,7.75,5,1.44896148798663,0.00205822721916292,1.44748912093134,1.45043385504192,2226.19665178073
"384",0.07,0.255,0.01,7.75,5,1.57071098896722,0.00232264749491818,1.5690494670416,1.57237251089285,2138.51834247753
"385",0.09,0.255,0.01,7.75,5,1.63503502913241,0.0023789395972843,1.63333323826261,1.63673682000221,2173.41993555471
"386",0.01,0.5,0.01,7.75,5,0.564909842093438,0.000344960391683851,0.564663072294961,0.565156611891916,5178.57069022152
"387",0.03,0.5,0.01,7.75,5,1.21606233248303,0.00147783245511965,1.21500515483039,1.21711951013567,2602.13986643838
"388",0.05,0.5,0.01,7.75,5,1.47539695582236,0.00209968323668621,1.47389493291865,1.47689897872608,2222.05652345966
"389",0.07,0.5,0.01,7.75,5,1.59036790104727,0.00236470919367532,1.58867628999496,1.59205951209957,2126.76674932451
"390",0.09,0.5,0.01,7.75,5,1.649456463233,0.00243680611362006,1.64771327715111,1.65119964931489,2140.52291478917
"391",0.01,0.745,0.01,7.75,5,0.578280918091215,0.000372636826549668,0.578014349763923,0.578547486418506,4907.4184253707
"392",0.03,0.745,0.01,7.75,5,1.23924160100987,0.00153049650110215,1.23814674976824,1.2403364522515,2560.49329587017
"393",0.05,0.745,0.01,7.75,5,1.49484310690401,0.00213852048274662,1.49331330150812,1.4963729122999,2210.45765077169
"394",0.07,0.745,0.01,7.75,5,1.60530207599319,0.00240131612589127,1.60358427791912,1.60701987406727,2114.01191121849
"395",0.09,0.745,0.01,7.75,5,1.66083773707144,0.00248370924946835,1.65906099850741,1.66261447563547,2114.59134124891
"396",0.01,0.99,0.01,7.75,5,0.589397475295449,0.000398317133691577,0.589112536383097,0.589682414207802,4679.28269068547
"397",0.03,0.99,0.01,7.75,5,1.25671391332621,0.0015791097555597,1.25558428625729,1.25784354039514,2516.6574516701
"398",0.05,0.99,0.01,7.75,5,1.50956336227692,0.00217568741475158,1.50800696925954,1.51111975529429,2194.09206707298
"399",0.07,0.99,0.01,7.75,5,1.61694937591397,0.0024344114572339,1.61520790286606,1.61869084896188,2100.40208029824
"400",0.09,0.99,0.01,7.75,5,1.67002354404917,0.00252296038072037,1.66821872691733,1.67182836118101,2093.20692693321
"401",0.01,0.01,1.8825,7.75,5,0.609635225940715,0.00120812450844408,0.608770985730327,0.610499466151103,1595.7261378025
"402",0.03,0.01,1.8825,7.75,5,1.22354607372057,0.00443282308709984,1.22037502311226,1.22671712432887,872.850627938026
"403",0.05,0.01,1.8825,7.75,5,1.46397191389382,0.00605270726250106,1.45964206795377,1.46830175983387,764.861982852184
"404",0.07,0.01,1.8825,7.75,5,1.57306229949755,0.0066313732813457,1.56831850082467,1.57780609817043,750.140213302052
"405",0.09,0.01,1.8825,7.75,5,1.62929357982108,0.0071245622010688,1.62419697504853,1.63439018459363,723.171269183537
"406",0.01,0.255,1.8825,7.75,5,0.623731782229815,0.00414135525446526,0.620769235148455,0.626694329311174,476.272369716574
"407",0.03,0.255,1.8825,7.75,5,1.18762907216692,0.013541173791922,1.17794229997992,1.19731584435392,277.347661376325
"408",0.05,0.255,1.8825,7.75,5,1.47811123568323,0.0139131214231633,1.46815838818956,1.48806408317689,335.95610917785
"409",0.07,0.255,1.8825,7.75,5,1.6143903618475,0.0137659370583975,1.60454280370562,1.62423791998938,370.853836858657
"410",0.09,0.255,1.8825,7.75,5,1.67631637515182,0.0161626523210767,1.66475431019513,1.6878784401085,327.976975511894
"411",0.01,0.5,1.8825,7.75,5,0.596039809323955,0.00877132824760456,0.589765179087495,0.602314439560414,214.886881483533
"412",0.03,0.5,1.8825,7.75,5,1.04790854633188,0.0349744485729793,1.02288933301268,1.07292775965107,94.748535607363
"413",0.05,0.5,1.8825,7.75,5,1.38841050574286,0.0294328266391373,1.36735552994432,1.40946548154141,149.171521284183
"414",0.07,0.5,1.8825,7.75,5,1.56007823742267,0.0248407942349179,1.54230820371693,1.57784827112841,198.60075775604
"415",0.09,0.5,1.8825,7.75,5,1.63705743144913,0.0271434050301097,1.61764020920929,1.65647465368898,190.721471316575
"416",0.01,0.745,1.8825,7.75,5,0.565457589463957,0.0159634382450385,0.554038033672332,0.576877145255581,112.014333972839
"417",0.03,0.745,1.8825,7.75,5,0.893650557052684,0.0588836927220456,0.851527700814914,0.935773413290454,47.9924247601867
"418",0.05,0.745,1.8825,7.75,5,1.23385289566715,0.0683669475487377,1.18494612759802,1.28275966373627,57.0712250261102
"419",0.07,0.745,1.8825,7.75,5,1.46659859314655,0.0482469062106524,1.43208483559704,1.50111235069606,96.1262043889921
"420",0.09,0.745,1.8825,7.75,5,1.57347784059427,0.0462927127799349,1.54036202881103,1.60659365237751,107.485034366747
"421",0.01,0.99,1.8825,7.75,5,0.535710163506078,0.0274175831724772,0.516096806038622,0.555323520973535,61.787513207254
"422",0.03,0.99,1.8825,7.75,5,0.880746811778288,0.0786825201990151,0.824460727574746,0.937032895981829,35.3975185353286
"423",0.05,0.99,1.8825,7.75,5,1.11550516525642,0.107620141632255,1.03851835371825,1.1924919767946,32.777666061309
"424",0.07,0.99,1.8825,7.75,5,1.3673901052634,0.0715713360983103,1.31619105571593,1.41858915481088,60.4161863999607
"425",0.09,0.99,1.8825,7.75,5,1.50200107640133,0.066161317787761,1.45467212081373,1.54933003198892,71.7903543682351
"426",0.01,0.01,3.755,7.75,5,0.565746813017191,0.00205383413289528,0.564277588586506,0.567216037447876,871.077405648968
"427",0.03,0.01,3.755,7.75,5,1.08074575103024,0.00901761240757947,1.07429493971911,1.08719656234137,378.993683730769
"428",0.05,0.01,3.755,7.75,5,1.34319039392484,0.0109515418766273,1.33535613281237,1.35102465503732,387.848672261062
"429",0.07,0.01,3.755,7.75,5,1.47388043250264,0.0128361192363071,1.46469802596109,1.4830628390442,363.101890817534
"430",0.09,0.01,3.755,7.75,5,1.54437970792628,0.0147808406202815,1.53380613151251,1.55495328434005,330.411346327042
"431",0.01,0.255,3.755,7.75,5,0.442704709102173,0.0133311436629431,0.433168183418399,0.452241234785946,105.013886808274
"432",0.03,0.255,3.755,7.75,5,0.892378031117642,0.0261452733196318,0.873674829289953,0.911081232945331,107.933356738307
"433",0.05,0.255,3.755,7.75,5,1.13493778323572,0.0344065318292639,1.11032483308115,1.15955073339028,104.31125157912
"434",0.07,0.255,3.755,7.75,5,1.33655450911827,0.046962441079515,1.3029596025708,1.37014941566574,89.9986535756474
"435",0.09,0.255,3.755,7.75,5,1.45793584411549,0.0582227773654349,1.41628577824233,1.49958590998865,79.1854693029846
"436",0.01,0.5,3.755,7.75,5,0.477344298646153,0.0374841875028399,0.450529726251297,0.504158871041008,40.2701862406143
"437",0.03,0.5,3.755,7.75,5,0.921737226048458,0.0445303178961506,0.889882155616378,0.953592296480539,65.4562818364829
"438",0.05,0.5,3.755,7.75,5,1.1001161091344,0.0545946582489122,1.06106144332693,1.13917077494187,63.7218494828913
"439",0.07,0.5,3.755,7.75,5,1.21629489342253,0.0822268263085133,1.15747336536668,1.27511642147837,46.7762449594715
"440",0.09,0.5,3.755,7.75,5,1.32844340625921,0.0910951991236811,1.26327782646531,1.39360898605311,46.1155686229728
"441",0.01,0.745,3.755,7.75,5,0.491955641823558,0.0496110832790956,0.456466010787171,0.527445272859945,31.3579191000643
"442",0.03,0.745,3.755,7.75,5,0.996454555598361,0.0809559229664031,0.938542177025116,1.05436693417161,38.9232296424983
"443",0.05,0.745,3.755,7.75,5,1.10175907374013,0.100790469105974,1.02965791560914,1.17386023187111,34.5674361542355
"444",0.07,0.745,3.755,7.75,5,1.17796254715494,0.11555981998018,1.09529603187939,1.26062906243048,32.2347737130604
"445",0.09,0.745,3.755,7.75,5,1.27362095069426,0.112009885797126,1.1934939053523,1.35374799603622,35.957032285504
"446",0.01,0.99,3.755,7.75,5,0.511916771433225,0.0468165254804067,0.478426246617265,0.545407296249186,34.5780246089879
"447",0.03,0.99,3.755,7.75,5,1.00651012641679,0.0906930446577154,0.941632230597386,1.07138802223619,35.0949127302265
"448",0.05,0.99,3.755,7.75,5,1.13294357488952,0.132435304857074,1.03820506496568,1.22768208481335,27.0523193265639
"449",0.07,0.99,3.755,7.75,5,1.22966115274263,0.144515916046459,1.12628069417612,1.33304161130914,26.9072784456823
"450",0.09,0.99,3.755,7.75,5,1.29093555161011,0.129287538765335,1.19844881789838,1.38342228532185,31.5753296455233
"451",0.01,0.01,5.6275,7.75,5,0.512061888948884,0.00219075060048759,0.510494720377565,0.513629057520202,739.144780645626
"452",0.03,0.01,5.6275,7.75,5,1.0656987625207,0.0099091096093693,1.05861021252962,1.07278731251178,340.094672683996
"453",0.05,0.01,5.6275,7.75,5,1.32499343145172,0.0215880328850688,1.30955028304106,1.34043657986237,194.088880189153
"454",0.07,0.01,5.6275,7.75,5,1.47299964610167,0.0252034954824556,1.45497015155369,1.49102914064964,184.816978166609
"455",0.09,0.01,5.6275,7.75,5,1.53867158495961,0.024794665505581,1.52093454975896,1.55640862016026,196.240065362383
"456",0.01,0.255,5.6275,7.75,5,0.504829997334224,0.0297394830421017,0.483555652760059,0.526104341908389,53.6799049429631
"457",0.03,0.255,5.6275,7.75,5,0.963726902395557,0.0416156582936147,0.933956853838704,0.99349695095241,73.2313792190173
"458",0.05,0.255,5.6275,7.75,5,1.1761855196359,0.0604035574554391,1.13297541766496,1.21939562160684,61.5762605654813
"459",0.07,0.255,5.6275,7.75,5,1.33735868817967,0.0552890380452632,1.29780729298952,1.37691008336983,76.4907412532744
"460",0.09,0.255,5.6275,7.75,5,1.4122014275962,0.0752718470792636,1.35835519196288,1.46604766322951,59.3285962737535
"461",0.01,0.5,5.6275,7.75,5,0.545251118774803,0.0559297582129333,0.505241379987912,0.585260857561695,30.8285872704642
"462",0.03,0.5,5.6275,7.75,5,0.99649519981089,0.041668432452112,0.9666873988953,1.02630300072648,75.6254632916311
"463",0.05,0.5,5.6275,7.75,5,1.19430810641246,0.0668229239742294,1.14650586627034,1.24211034655457,56.5185361496996
"464",0.07,0.5,5.6275,7.75,5,1.28978412815786,0.0800670667256036,1.23250759903489,1.34706065728084,50.9404890389109
"465",0.09,0.5,5.6275,7.75,5,1.35876059054027,0.100664725206845,1.28674938417592,1.43077179690463,42.6840509637683
"466",0.01,0.745,5.6275,7.75,5,0.535197280711982,0.0430304296685338,0.504415165681712,0.565979395742253,39.3312922416848
"467",0.03,0.745,5.6275,7.75,5,1.07927061429738,0.0738131444273368,1.02646787167987,1.13207335691488,46.2377450432096
"468",0.05,0.745,5.6275,7.75,5,1.20170503813721,0.109814356879072,1.12314857956904,1.28026149670538,34.6049925001864
"469",0.07,0.745,5.6275,7.75,5,1.27710165087688,0.125040110273633,1.18765334446931,1.36654995728446,32.2980362980673
"470",0.09,0.745,5.6275,7.75,5,1.35844161478456,0.105981152593547,1.28262726537404,1.43425596419509,40.5333350879017
"471",0.01,0.99,5.6275,7.75,5,0.533715096755674,0.0579302080802187,0.492274322341172,0.575155871170176,29.1342873311962
"472",0.03,0.99,5.6275,7.75,5,1.10988768038464,0.0933576549787409,1.04310363717037,1.17667172359891,37.5949140729347
"473",0.05,0.99,5.6275,7.75,5,1.21138455665028,0.139830283937021,1.11135599737209,1.31141311592846,27.3955985320998
"474",0.07,0.99,5.6275,7.75,5,1.3303127823137,0.168064711650589,1.21008653018448,1.45053903444291,25.0309440407284
"475",0.09,0.99,5.6275,7.75,5,1.37583220743011,0.130149513074657,1.28272885444344,1.46893556041679,33.4289645109981
"476",0.01,0.01,7.5,7.75,5,0.54332165317487,0.00776037587472881,0.537770214699955,0.548873091649786,221.398287126226
"477",0.03,0.01,7.5,7.75,5,1.16025916978636,0.0161436477816403,1.14871069985821,1.17180763971452,227.275873597394
"478",0.05,0.01,7.5,7.75,5,1.3567964773974,0.0200737217288712,1.34243660193012,1.37115635286468,213.740493557705
"479",0.07,0.01,7.5,7.75,5,1.4615008328216,0.0261962520879547,1.44276116297993,1.48024050266327,176.424910648738
"480",0.09,0.01,7.5,7.75,5,1.52558740799131,0.0317247955484816,1.50289285640519,1.54828195957742,152.068150338513
"481",0.01,0.255,7.5,7.75,5,0.561109343265804,0.0226107566195455,0.54493458236879,0.577284104162817,78.4751952788418
"482",0.03,0.255,7.5,7.75,5,1.02980888247482,0.0567125713081785,0.989239152934165,1.07037861201548,57.4218651733655
"483",0.05,0.255,7.5,7.75,5,1.23581628279403,0.0646801623487961,1.18954688197851,1.28208568360954,60.420290878021
"484",0.07,0.255,7.5,7.75,5,1.35242728785968,0.0565485912275198,1.31197486260216,1.3928797131172,75.6296577255751
"485",0.09,0.255,7.5,7.75,5,1.45021480158273,0.0630116184912368,1.40513900513863,1.49529059802682,72.7799408950013
"486",0.01,0.5,7.5,7.75,5,0.540849198794694,0.0353233191246984,0.515580418517036,0.566117979072353,48.4188740257016
"487",0.03,0.5,7.5,7.75,5,1.08078858083676,0.0648557442937145,1.03439357626439,1.12718358540914,52.6977775332757
"488",0.05,0.5,7.5,7.75,5,1.21194802586125,0.0754054854050111,1.15800619112871,1.2658898605938,50.8254293024088
"489",0.07,0.5,7.5,7.75,5,1.35067179567811,0.0882012078220402,1.28757645254766,1.41376713880856,48.4256321558569
"490",0.09,0.5,7.5,7.75,5,1.39152402960385,0.0935672687212501,1.32459003775129,1.45845802145641,47.0291097789026
"491",0.01,0.745,7.5,7.75,5,0.560444377848211,0.0426402625452236,0.529941371564083,0.590947384132339,41.5635512083612
"492",0.03,0.745,7.5,7.75,5,1.10647932928999,0.0684859402897481,1.05748743894182,1.15547121963815,51.0907034297606
"493",0.05,0.745,7.5,7.75,5,1.25527956092352,0.0971874432991443,1.18575585218584,1.32480326966119,40.8441911632154
"494",0.07,0.745,7.5,7.75,5,1.34143767922796,0.112374711777462,1.26104965310149,1.42182570535443,37.7486921962587
"495",0.09,0.745,7.5,7.75,5,1.39100832469196,0.107295245830707,1.31425392960914,1.46776271977478,40.9967330446504
"496",0.01,0.99,7.5,7.75,5,0.555265462587176,0.0571470734868192,0.514384908912367,0.596146016261985,30.7260452839721
"497",0.03,0.99,7.5,7.75,5,1.12450776907119,0.100340848098575,1.05272825043292,1.19628728770946,35.4392639110064
"498",0.05,0.99,7.5,7.75,5,1.2809792703841,0.128451027892206,1.18909094050239,1.37286760026582,31.5358483022326
"499",0.07,0.99,7.5,7.75,5,1.35986527876502,0.149076708936006,1.25322222550827,1.46650833202177,28.8460325061458
"500",0.09,0.99,7.5,7.75,5,1.43069398039006,0.138618307480729,1.33153241683975,1.52985554394036,32.6381968944025
"501",0.01,0.01,0.01,10,5,0.557969434267714,0.000314640007072382,0.55774435436576,0.558194514169668,5607.8509959977
"502",0.03,0.01,0.01,10,5,1.17771837804415,0.00144190568075549,1.17668690085767,1.17874985523064,2582.88219996985
"503",0.05,0.01,0.01,10,5,1.44001146372746,0.00207683277863704,1.43852578705672,1.44149714039821,2192.62529413667
"504",0.07,0.01,0.01,10,5,1.56434160547351,0.00229565981950149,1.56269938936787,1.56598382157915,2154.88482650494
"505",0.09,0.01,0.01,10,5,1.63125915421646,0.00228678621834646,1.62962328590269,1.63289502253024,2255.78339590219
"506",0.01,0.255,0.01,10,5,0.578414973866187,0.00034957998606781,0.578164899408964,0.578665048323409,5232.303973515
"507",0.03,0.255,0.01,10,5,1.2194136356679,0.00150491279548283,1.21833708590676,1.22049018542903,2562.35744034598
"508",0.05,0.255,0.01,10,5,1.47377561717459,0.00212006837079333,1.47225901162441,1.47529222272476,2198.27236446535
"509",0.07,0.255,0.01,10,5,1.58809810670054,0.00234703973043538,1.58641913562078,1.58977707778029,2139.71970727706
"510",0.09,0.255,0.01,10,5,1.64776790186343,0.00236268268786944,1.64607774048604,1.64945806324081,2205.41660205079
"511",0.01,0.5,0.01,10,5,0.594090270366853,0.000380617187407014,0.593817993233311,0.594362547500396,4935.87376572021
"512",0.03,0.5,0.01,10,5,1.2468213280525,0.00156009762597717,1.24570530144177,1.24793735466323,2527.27468221889
"513",0.05,0.5,0.01,10,5,1.49625105078646,0.00215957758738517,1.49470618204534,1.49779591952757,2190.96609426961
"514",0.07,0.5,0.01,10,5,1.60477014929556,0.00238822714130367,1.603061714517,1.60647858407411,2124.89369417863
"515",0.09,0.5,0.01,10,5,1.66003416937992,0.00241910671897097,1.65830364468223,1.66176469407762,2170.01132185657
"516",0.01,0.745,0.01,10,5,0.60621571650003,0.000408569419383379,0.605923443544306,0.606507989455755,4692.03598356485
"517",0.03,0.745,0.01,10,5,1.26552374678999,0.00161025576214417,1.26437183921016,1.26667565436982,2485.28064110617
"518",0.05,0.745,0.01,10,5,1.51185918550257,0.00219728319092126,1.51028734379757,1.51343102720757,2175.83174867444
"519",0.07,0.745,0.01,10,5,1.61692403299537,0.00242351424500229,1.61519035534349,1.61865771064725,2109.81336638514
"520",0.09,0.745,0.01,10,5,1.66944244571751,0.00246293793768179,1.66768056605481,1.67120432538021,2143.47282985066
"521",0.01,0.99,0.01,10,5,0.615707855027947,0.0004340872924294,0.615397327685514,0.616018382370381,4485.36326472109
"522",0.03,0.99,0.01,10,5,1.27873457648193,0.00165663530397005,1.27754949097656,1.2799196619873,2440.91972131893
"523",0.05,0.99,0.01,10,5,1.52308608067601,0.00223404642121125,1.52148794014034,1.52468422121169,2155.91808733492
"524",0.07,0.99,0.01,10,5,1.62604996887457,0.00245563730828024,1.62429331176753,1.62780662598161,2093.96618692467
"525",0.09,0.99,0.01,10,5,1.6768294923714,0.00249895391324294,1.67504184843186,1.67861713631094,2121.92806579465
"526",0.01,0.01,1.8825,10,5,0.612887637021552,0.00116432240899241,0.612054730945503,0.613720543097601,1664.59124017365
"527",0.03,0.01,1.8825,10,5,1.21792533800784,0.00438162080842935,1.21479091530318,1.22105976071249,878.993928622455
"528",0.05,0.01,1.8825,10,5,1.45458344724444,0.00596457140094556,1.45031664990162,1.45885024458727,771.186466028827
"529",0.07,0.01,1.8825,10,5,1.56266900800015,0.00650510625475734,1.55801553531673,1.56732248068356,759.648359413413
"530",0.09,0.01,1.8825,10,5,1.61898930558006,0.00722047612214392,1.61382408812169,1.62415452303844,709.052093862087
"531",0.01,0.255,1.8825,10,5,0.595797366120447,0.00486582375561061,0.592316565493635,0.599278166747259,387.206112571872
"532",0.03,0.255,1.8825,10,5,1.13578539956315,0.0156442031315391,1.1245942108146,1.1469765883117,229.584643307467
"533",0.05,0.255,1.8825,10,5,1.4355319592427,0.0161494078342271,1.42397936882115,1.44708454966426,281.097034130863
"534",0.07,0.255,1.8825,10,5,1.57811251377913,0.015821300899824,1.566794636919,1.58943039063926,315.424754206617
"535",0.09,0.255,1.8825,10,5,1.64350913495591,0.0187450349752613,1.6300997447337,1.65691852517813,277.259137078846
"536",0.01,0.5,1.8825,10,5,0.554168801338473,0.0109910772574789,0.546306258318278,0.562031344358667,159.441661575301
"537",0.03,0.5,1.8825,10,5,0.976849559747185,0.0387688081390169,0.949116025108687,1.00458309438568,79.6792495930511
"538",0.05,0.5,1.8825,10,5,1.33042286506758,0.0380916694579494,1.30317372626088,1.35767200387428,110.448467201598
"539",0.07,0.5,1.8825,10,5,1.51158623753504,0.0313663922016044,1.48914807225824,1.53402440281185,152.394172707263
"540",0.09,0.5,1.8825,10,5,1.59467847574883,0.0331227806541518,1.57098386586293,1.61837308563473,152.246158668438
"541",0.01,0.745,1.8825,10,5,0.499296846454566,0.0222814198281057,0.483357678905699,0.515236014003433,70.8624170055878
"542",0.03,0.745,1.8825,10,5,0.907527675327275,0.0773018267158706,0.852229279741929,0.96282607091262,37.1253127590422
"543",0.05,0.745,1.8825,10,5,1.17710806597845,0.0811227352251936,1.11907635710388,1.23513977485303,45.8853184660822
"544",0.07,0.745,1.8825,10,5,1.40774649326504,0.0601258772575658,1.36473503174129,1.45075795478878,74.0394234542703
"545",0.09,0.745,1.8825,10,5,1.51977058085672,0.0557564291922724,1.47988483418176,1.55965632753168,86.1951998369798
"546",0.01,0.99,1.8825,10,5,0.47755692800957,0.0338160079456802,0.453366413193269,0.501747442825871,44.6583643855636
"547",0.03,0.99,1.8825,10,5,0.919187342454581,0.0772516521348326,0.863924839602285,0.974449845306877,37.6267111217292
"548",0.05,0.99,1.8825,10,5,1.08353343370541,0.114858426283502,1.00136866525458,1.16569820215623,29.8317997409678
"549",0.07,0.99,1.8825,10,5,1.31730857277939,0.0763341530742133,1.26270240921633,1.37191473634245,54.5718437093104
"550",0.09,0.99,1.8825,10,5,1.44803679351563,0.0709831971364705,1.39725847323617,1.49881511379508,64.5095542038303
"551",0.01,0.01,3.755,10,5,0.537981325592463,0.00178420592973671,0.536704981558952,0.539257669625974,953.503347990702
"552",0.03,0.01,3.755,10,5,1.03269601706236,0.00672145838601027,1.02788777538774,1.03750425873699,485.857585802836
"553",0.05,0.01,3.755,10,5,1.2981495401236,0.0151853508373139,1.28728659453254,1.30901248571466,270.333516444252
"554",0.07,0.01,3.755,10,5,1.4399970700811,0.0192599941005314,1.42621930029233,1.45377483986987,236.431565952544
"555",0.09,0.01,3.755,10,5,1.52701928415766,0.0179561551000765,1.51417422460214,1.53986434371318,268.924997697169
"556",0.01,0.255,3.755,10,5,0.435981326957893,0.0155736134632964,0.424840635016006,0.447122018899779,88.5275606550009
"557",0.03,0.255,3.755,10,5,0.8906278612898,0.0505330860717928,0.854478669188333,0.926777053391267,55.7340310718205
"558",0.05,0.255,3.755,10,5,1.14949331010677,0.0540985301231312,1.11079355298032,1.18819306723321,67.1925282773882
"559",0.07,0.255,3.755,10,5,1.35129517969768,0.055944748824578,1.31127471727322,1.39131564212213,76.381977733965
"560",0.09,0.255,3.755,10,5,1.44305331411123,0.0624851517171135,1.39835412930977,1.48775249891269,73.0307142135989
"561",0.01,0.5,3.755,10,5,0.469734734655892,0.0422829405215695,0.439487341149041,0.499982128162744,35.130755791445
"562",0.03,0.5,3.755,10,5,0.956616161189005,0.0811274024650058,0.898581113572202,1.01465120880581,37.2880903858458
"563",0.05,0.5,3.755,10,5,1.14402707125701,0.0821339740993399,1.08527196567024,1.20278217684379,44.0467089256916
"564",0.07,0.5,3.755,10,5,1.28481342855964,0.0984130369756891,1.21441298292153,1.35521387419774,41.2845383851141
"565",0.09,0.5,3.755,10,5,1.38625388926033,0.100243881780248,1.31454373614752,1.45796404237314,43.7305462186647
"566",0.01,0.745,3.755,10,5,0.503562160863536,0.0538197050281006,0.46506186319438,0.542062458532692,29.5877387468669
"567",0.03,0.745,3.755,10,5,1.01812892459192,0.0987641281209384,0.947477323478439,1.08878052570541,32.5989447248077
"568",0.05,0.745,3.755,10,5,1.16900725337477,0.133186982791708,1.07373102544933,1.26428348130022,27.7559071046993
"569",0.07,0.745,3.755,10,5,1.26714695963556,0.125599620833104,1.1772984034853,1.35699551578582,31.9035240395383
"570",0.09,0.745,3.755,10,5,1.34406950753262,0.144885221319063,1.24042486388894,1.4477141511763,29.3357799966634
"571",0.01,0.99,3.755,10,5,0.53229274136669,0.0540510174889498,0.493626972731229,0.570958510002152,31.1420121746606
"572",0.03,0.99,3.755,10,5,1.02985935586914,0.104884907486975,0.954829212966235,1.10488949877204,31.0502369903391
"573",0.05,0.99,3.755,10,5,1.17396458663411,0.161269960702337,1.05859900652008,1.28933016674815,23.0197984173506
"574",0.07,0.99,3.755,10,5,1.28745513804797,0.156181798008471,1.1757294102557,1.39918086584025,26.067638312739
"575",0.09,0.99,3.755,10,5,1.3652358361799,0.134621973572571,1.26893307768936,1.46153859467044,32.0694658609033
"576",0.01,0.01,5.6275,10,5,0.557381835666579,0.0110233323943324,0.549496218711483,0.565267452621675,159.896850068524
"577",0.03,0.01,5.6275,10,5,1.13921767140696,0.0160839854627193,1.12771188133067,1.15072346148325,223.981960236751
"578",0.05,0.01,5.6275,10,5,1.34444941342686,0.0372275575389508,1.31781842304895,1.37108040380477,114.20363371564
"579",0.07,0.01,5.6275,10,5,1.45722698869388,0.0197754357255893,1.443080494179,1.47137348320876,233.02426384356
"580",0.09,0.01,5.6275,10,5,1.51422297618937,0.0225554944257557,1.49808774748432,1.53035820489442,212.293882799994
"581",0.01,0.255,5.6275,10,5,0.489950212588603,0.0434741762793926,0.458850660355754,0.521049764821453,35.6385961612366
"582",0.03,0.255,5.6275,10,5,1.01339595622471,0.0266737877465018,0.994314677951849,1.03247723449756,120.141894496954
"583",0.05,0.255,5.6275,10,5,1.20890978523798,0.0761299065336064,1.15444973084826,1.2633698396277,50.2155930708972
"584",0.07,0.255,5.6275,10,5,1.33542780366127,0.0703103819307913,1.28513078638564,1.38572482093689,60.0621614378738
"585",0.09,0.255,5.6275,10,5,1.4446803988775,0.0663119736656817,1.39724367056721,1.49211712718779,68.8937502371126
"586",0.01,0.5,5.6275,10,5,0.483005222586717,0.0410479394605086,0.453641295617776,0.512369149555657,37.2100681594531
"587",0.03,0.5,5.6275,10,5,1.03154676482936,0.0889267551486244,0.967932396408231,1.09516113325049,36.6822930217905
"588",0.05,0.5,5.6275,10,5,1.19007906625999,0.100390419981879,1.11826408603266,1.26189404648732,37.4872467487169
"589",0.07,0.5,5.6275,10,5,1.3174204999775,0.107429986345512,1.2405697173369,1.39427128261809,38.7792045577296
"590",0.09,0.5,5.6275,10,5,1.39712614740289,0.108117252975376,1.31978372383238,1.47446857097341,40.8639757557982
"591",0.01,0.745,5.6275,10,5,0.497522207898446,0.0446803040435054,0.465559843840056,0.529484571956837,35.2124587590759
"592",0.03,0.745,5.6275,10,5,1.02521786691862,0.110868589118174,0.945907256037714,1.10452847779953,29.2420385534679
"593",0.05,0.745,5.6275,10,5,1.20442546541328,0.137370702019694,1.10615638504546,1.30269454578111,27.7259101585453
"594",0.07,0.745,5.6275,10,5,1.31236662688056,0.131929603665057,1.21798987379679,1.40674337996434,31.4566825855943
"595",0.09,0.745,5.6275,10,5,1.40106588755763,0.130759787449219,1.30752597058258,1.49460580453269,33.8831948497019
"596",0.01,0.99,5.6275,10,5,0.537022654144954,0.0717907691604311,0.485666631641094,0.588378676648814,23.6550570786045
"597",0.03,0.99,5.6275,10,5,1.10848626929714,0.138482248371585,1.00942203657018,1.2075505020241,25.312568269371
"598",0.05,0.99,5.6275,10,5,1.2179465852164,0.153224340517744,1.10833649506423,1.32755667536857,25.1362496630369
"599",0.07,0.99,5.6275,10,5,1.36657464097967,0.15815144573671,1.25343991208267,1.47970936987667,27.3250012859006
"600",0.09,0.99,5.6275,10,5,1.43465558298973,0.140618601328941,1.33406309542113,1.53524807055832,32.2630097102987
"601",0.01,0.01,7.5,10,5,0.579214644384823,0.00902917222593093,0.572755563677804,0.585673725091841,202.857746485354
"602",0.03,0.01,7.5,10,5,1.20118577016966,0.0272594064684968,1.18168556549976,1.22068597483956,139.345767895186
"603",0.05,0.01,7.5,10,5,1.36628540072477,0.0393964482467314,1.33810287940076,1.39446792204879,109.669119740626
"604",0.07,0.01,7.5,10,5,1.4746767054263,0.0360714062218154,1.44887277587745,1.50048063497515,129.280715391683
"605",0.09,0.01,7.5,10,5,1.53498954903689,0.0249926481644981,1.51711088557392,1.55286821249986,194.21964121459
"606",0.01,0.255,7.5,10,5,0.532553343795887,0.0227781206239865,0.516258857902486,0.548847829689289,73.9341743655657
"607",0.03,0.255,7.5,10,5,1.05520340827148,0.0533827882562021,1.01701566203244,1.09339115451052,62.5079032757859
"608",0.05,0.255,7.5,10,5,1.23737659730189,0.0727380249820736,1.1853429488043,1.28941024579949,53.7948118859055
"609",0.07,0.255,7.5,10,5,1.36919793333187,0.0766086322993575,1.31439541915956,1.42400044750419,56.5182265623141
"610",0.09,0.255,7.5,10,5,1.4390595244071,0.0794542344108024,1.38222138911272,1.49589765970148,57.2745533253341
"611",0.01,0.5,7.5,10,5,0.503090258129424,0.0584080188584897,0.461307678474938,0.544872837783909,27.2378881431582
"612",0.03,0.5,7.5,10,5,1.00863586480577,0.0374600444114595,0.981838563338061,1.03543316627347,85.1463662852507
"613",0.05,0.5,7.5,10,5,1.19399587647186,0.0915151626896096,1.12852987284082,1.2594618801029,41.2581519338633
"614",0.07,0.5,7.5,10,5,1.30786777406973,0.0940811603259558,1.24056616630883,1.37516938183064,43.960353274404
"615",0.09,0.5,7.5,10,5,1.42334603923604,0.0879078373338287,1.36046056071034,1.48623151776174,51.2015255872207
"616",0.01,0.745,7.5,10,5,0.493497089758116,0.0751787907896521,0.439717422584215,0.547276756932018,20.7581793469735
"617",0.03,0.745,7.5,10,5,1.03056462508117,0.0951159377979927,0.962522782109504,1.09860646805284,34.2627278529842
"618",0.05,0.745,7.5,10,5,1.23764515769072,0.140337402651423,1.13725382753804,1.33803648784341,27.8883430891349
"619",0.07,0.745,7.5,10,5,1.34799809014168,0.141942170291316,1.24645877837532,1.44953740190804,30.0315560742518
"620",0.09,0.745,7.5,10,5,1.42932016439421,0.137574304093688,1.33090543587668,1.52773489291174,32.8542982998768
"621",0.01,0.99,7.5,10,5,0.554301263073178,0.0386954498692996,0.526620205779533,0.581982320366823,45.2987239362765
"622",0.03,0.99,7.5,10,5,1.07817129707837,0.108565321333867,1.00050834471326,1.15583424944348,31.404844242119
"623",0.05,0.99,7.5,10,5,1.23656621984793,0.147443704352677,1.13109134769734,1.34204109199851,26.5210762949266
"624",0.07,0.99,7.5,10,5,1.36422676852651,0.155020180663242,1.25333201172424,1.47512152532878,27.829046612239
"625",0.09,0.99,7.5,10,5,1.46691264749393,0.145499544229986,1.36282854371342,1.57099675127443,31.8817843666654
