"","lambda","mu","phi","a0","m","s","l_conf","u_conf","t_stat"
"1",0.01,0.01,5,0.05,0.000674075274195729,7.30633857410731e-08,0.000674075274195729,0.000674075274195729,NA
"2",0.03,0.01,5,0.05,0.00272581205295925,6.76232955509869e-07,0.00272581205295925,0.00272581205295925,NA
"3",0.05,0.01,5,0.05,0.00579859288854572,1.92594643479376e-06,0.00579721514946306,0.00579997062762838,9520.90900379738
"4",0.07,0.01,5,0.05,0.00999159817705285,3.85892854987356e-06,0.00998883766586505,0.00999435868824065,8187.8187938226
"5",0.09,0.01,5,0.05,0.0154024796189721,6.50221595961901e-06,0.0153978282138813,0.0154071310240629,7490.8181322738
"6",0.01,0.255,5,0.05,0.00523636015759746,2.31648179774975e-06,0.00523470304634589,0.00523801726884904,7148.26456355135
"7",0.03,0.255,5,0.05,0.101933297706638,2.79138339526262e-05,0.101913329352748,0.101953266060528,11547.7290117887
"8",0.05,0.255,5,0.05,0.492619221690905,0.000321157611858947,0.492389479375357,0.492848964006454,4850.57399295544
"9",0.07,0.255,5,0.05,1.08778676346076,0.00186333513949501,1.08645381380059,1.08911971312094,1846.08968521416
"10",0.09,0.255,5,0.05,1.48221394082746,0.00325800843393858,1.47988330199453,1.48454457966039,1438.66172470356
"11",0.01,0.5,5,0.05,0.0150576856010524,5.08331520006502e-06,0.0150540492164188,0.015061321985686,9367.23002922147
"12",0.03,0.5,5,0.05,0.48199651419256,0.000285319678607957,0.481792408790058,0.482200619595061,5342.10194174689
"13",0.05,0.5,5,0.05,1.14324296536379,0.00259630935041281,1.14138567753994,1.14510025318765,1392.45798615629
"14",0.07,0.5,5,0.05,1.48597071012052,0.00412692900667779,1.48301848295514,1.4889229372859,1138.63164902404
"15",0.09,0.5,5,0.05,1.66699929333041,0.00443839214935915,1.66382425885496,1.67017432780586,1187.70817165769
"16",0.01,0.745,5,0.05,0.0334806121821446,8.89317989648951e-06,0.0334742503844896,0.0334869739797996,11905.1895030427
"17",0.03,0.745,5,0.05,0.750927010207134,0.00194994212998241,0.749532105638208,0.75232191477606,1217.80009379892
"18",0.05,0.745,5,0.05,1.27083231874404,0.00398238406699203,1.26798349279949,1.27368114468859,1009.12533391579
"19",0.07,0.745,5,0.05,1.54439953368594,0.00673369138885024,1.53958254104825,1.54921652632363,725.281255365552
"20",0.09,0.745,5,0.05,1.69345527020889,0.00684883209379231,1.68855591087276,1.69835462954502,781.910798241036
"21",0.01,0.99,5,0.05,0.0650516977273172,2.63492394076564e-05,0.0650328486169399,0.0650705468376946,7807.11455448489
"22",0.03,0.99,5,0.05,0.852024882768654,0.00181272043062,0.850728140690015,0.853321624847292,1486.35123606201
"23",0.05,0.99,5,0.05,1.30795451429264,0.00669603992559772,1.30316445588921,1.31274457269607,617.695740620124
"24",0.07,0.99,5,0.05,1.5491546530356,0.0102182514950049,1.54184495626171,1.5564643498095,479.422252802754
"25",0.09,0.99,5,0.05,1.68877937007056,0.00925120545389166,1.68216145636056,1.69539728378055,577.264152390091
