"","lambda","mu","p","phi","m","s","l_conf","u_conf","t_stat"
"1",0.01,0.01,1,5,0,0,0,0,NA
"2",0.255,0.01,1,5,0,0,0,0,NA
"3",0.5,0.01,1,5,0,0,0,0,NA
"4",0.745,0.01,1,5,0.000363915911960278,0,0.000363915911960278,0.000363915911960278,NA
"5",0.99,0.01,1,5,6.76703655100308e-06,0,6.76703655100308e-06,6.76703655100308e-06,NA
"6",0.01,0.255,1,5,0,0,0,0,NA
"7",0.255,0.255,1,5,0.175235817680633,0,0.175235817680633,0.175235817680633,NA
"8",0.5,0.255,1,5,0.0101717501653462,0,0.0101717501653462,0.0101717501653462,NA
"9",0.745,0.255,1,5,0.000365702531520462,0,0.000365702531520462,0.000365702531520462,NA
"10",0.99,0.255,1,5,6.78171181722753e-06,0,6.78171181722753e-06,6.78171181722753e-06,NA
"11",0.01,0.5,1,5,0,0,0,0,NA
"12",0.255,0.5,1,5,0.178431386166685,0,0.178431386166685,0.178431386166685,NA
"13",0.5,0.5,1,5,0.0102636656356869,0,0.0102636656356869,0.0102636656356869,NA
"14",0.745,0.5,1,5,0.000367436370751095,0,0.000367436370751095,0.000367436370751095,NA
"15",0.99,0.5,1,5,6.7959450719135e-06,0,6.7959450719135e-06,6.7959450719135e-06,NA
"16",0.01,0.745,1,5,0,0,0,0,NA
"17",0.255,0.745,1,5,0.181425661365176,0,0.181425661365176,0.181425661365176,NA
"18",0.5,0.745,1,5,0.0103520777173824,0,0.0103520777173824,0.0103520777173824,NA
"19",0.745,0.745,1,5,0.000369119453316302,0,0.000369119453316302,0.000369119453316302,NA
"20",0.99,0.745,1,5,6.80975060440847e-06,0,6.80975060440847e-06,6.80975060440847e-06,NA
"21",0.01,0.99,1,5,0,0,0,0,NA
"22",0.255,0.99,1,5,0.184236595166867,0,0.184236595166867,0.184236595166867,NA
"23",0.5,0.99,1,5,0.0104371706712172,0,0.0104371706712172,0.0104371706712172,NA
"24",0.745,0.99,1,5,0.000370753705374871,0,0.000370753705374871,0.000370753705374871,NA
"25",0.99,0.99,1,5,6.82314214872637e-06,0,6.82314214872637e-06,6.82314214872637e-06,NA
"26",0.01,0.01,3.25,5,0,0,0,0,NA
"27",0.255,0.01,3.25,5,0.00070374545459384,0,0.00070374545459384,0.00070374545459384,NA
"28",0.5,0.01,3.25,5,1.50101564511118e-09,0,1.50101564511118e-09,1.50101564511118e-09,NA
"29",0.745,0.01,3.25,5,0,0,0,0,NA
"30",0.99,0.01,3.25,5,0,0,0,0,NA
"31",0.01,0.255,3.25,5,0,0,0,0,NA
"32",0.255,0.255,3.25,5,0.000703745659246469,0,0.000703745659246469,0.000703745659246469,NA
"33",0.5,0.255,3.25,5,1.50101608920039e-09,0,1.50101608920039e-09,1.50101608920039e-09,NA
"34",0.745,0.255,3.25,5,0,0,0,0,NA
"35",0.99,0.255,3.25,5,0,0,0,0,NA
"36",0.01,0.5,3.25,5,0,0,0,0,NA
"37",0.255,0.5,3.25,5,0.000703745863900318,0,0.000703745863900318,0.000703745863900318,NA
"38",0.5,0.5,3.25,5,1.5010165332896e-09,0,1.5010165332896e-09,1.5010165332896e-09,NA
"39",0.745,0.5,3.25,5,0,0,0,0,NA
"40",0.99,0.5,3.25,5,0,0,0,0,NA
"41",0.01,0.745,3.25,5,0,0,0,0,NA
"42",0.255,0.745,3.25,5,0.000703746068553723,0,0.000703746068553723,0.000703746068553723,NA
"43",0.5,0.745,3.25,5,1.50101608920039e-09,0,1.50101608920039e-09,1.50101608920039e-09,NA
"44",0.745,0.745,3.25,5,0,0,0,0,NA
"45",0.99,0.745,3.25,5,0,0,0,0,NA
"46",0.01,0.99,3.25,5,0,0,0,0,NA
"47",0.255,0.99,3.25,5,0.000703746273206685,0,0.000703746273206685,0.000703746273206685,NA
"48",0.5,0.99,3.25,5,1.5010165332896e-09,0,1.5010165332896e-09,1.5010165332896e-09,NA
"49",0.745,0.99,3.25,5,0,0,0,0,NA
"50",0.99,0.99,3.25,5,0,0,0,0,NA
"51",0.01,0.01,5.5,5,0,0,0,0,NA
"52",0.255,0.01,5.5,5,9.52887040395201e-05,0,9.52887040395201e-05,9.52887040395201e-05,NA
"53",0.5,0.01,5.5,5,2.09721129351692e-13,0,2.09721129351692e-13,2.09721129351692e-13,NA
"54",0.745,0.01,5.5,5,0,0,0,0,NA
"55",0.99,0.01,5.5,5,9.84539532933315e-06,0,9.84539532933315e-06,9.84539532933315e-06,NA
"56",0.01,0.255,5.5,5,0,0,0,0,NA
"57",0.255,0.255,5.5,5,9.52887040399641e-05,0,9.52887040399641e-05,9.52887040399641e-05,NA
"58",0.5,0.255,5.5,5,2.09721129351692e-13,0,2.09721129351692e-13,2.09721129351692e-13,NA
"59",0.745,0.255,5.5,5,0,0,0,0,NA
"60",0.99,0.255,5.5,5,0,0,0,0,NA
"61",0.01,0.5,5.5,5,0,0,0,0,NA
"62",0.255,0.5,5.5,5,9.52887040407413e-05,0,9.52887040407413e-05,9.52887040407413e-05,NA
"63",0.5,0.5,5.5,5,2.09277040141842e-13,0,2.09277040141842e-13,2.09277040141842e-13,NA
"64",0.745,0.5,5.5,5,0,0,0,0,NA
"65",0.99,0.5,5.5,5,0,0,0,0,NA
"66",0.01,0.745,5.5,5,0,0,0,0,NA
"67",0.255,0.745,5.5,5,9.52887040417405e-05,0,9.52887040417405e-05,9.52887040417405e-05,NA
"68",0.5,0.745,5.5,5,1.67776903481354e-13,8.84261922952185e-14,1.67776903481354e-13,1.67776903481354e-13,NA
"69",0.745,0.745,5.5,5,0,0,0,0,NA
"70",0.99,0.745,5.5,5,0,0,0,0,NA
"71",0.01,0.99,5.5,5,0,0,0,0,NA
"72",0.255,0.99,5.5,5,9.52887040420736e-05,0,9.52887040420736e-05,9.52887040420736e-05,NA
"73",0.5,0.99,5.5,5,6.29163388055076e-14,1.0130492990239e-13,6.29163388055076e-14,6.29163388055076e-14,NA
"74",0.745,0.99,5.5,5,0,0,0,0,NA
"75",0.99,0.99,5.5,5,0,0,0,0,NA
"76",0.01,0.01,7.75,5,0,0,0,0,NA
"77",0.255,0.01,7.75,5,3.42651332293498e-05,0,3.42651332293498e-05,3.42651332293498e-05,NA
"78",0.5,0.01,7.75,5,3.33066907387547e-16,0,3.33066907387547e-16,3.33066907387547e-16,NA
"79",0.745,0.01,7.75,5,0,0,0,0,NA
"80",0.99,0.01,7.75,5,0.000498530416967125,0,0.000498530416967125,0.000498530416967125,NA
"81",0.01,0.255,7.75,5,0,0,0,0,NA
"82",0.255,0.255,7.75,5,3.42651332293498e-05,0,3.42651332293498e-05,3.42651332293498e-05,NA
"83",0.5,0.255,7.75,5,3.33066907387547e-16,0,3.33066907387547e-16,3.33066907387547e-16,NA
"84",0.745,0.255,7.75,5,0,0,0,0,NA
"85",0.99,0.255,7.75,5,0,0,0,0,NA
"86",0.01,0.5,7.75,5,0,0,0,0,NA
"87",0.255,0.5,7.75,5,3.42651332293498e-05,0,3.42651332293498e-05,3.42651332293498e-05,NA
"88",0.5,0.5,7.75,5,0,0,0,0,NA
"89",0.745,0.5,7.75,5,0,0,0,0,NA
"90",0.99,0.5,7.75,5,0,0,0,0,NA
"91",0.01,0.745,7.75,5,0,0,0,0,NA
"92",0.255,0.745,7.75,5,3.42651332293498e-05,0,3.42651332293498e-05,3.42651332293498e-05,NA
"93",0.5,0.745,7.75,5,0,0,0,0,NA
"94",0.745,0.745,7.75,5,0,0,0,0,NA
"95",0.99,0.745,7.75,5,0,0,0,0,NA
"96",0.01,0.99,7.75,5,0,0,0,0,NA
"97",0.255,0.99,7.75,5,3.42651332290167e-05,0,3.42651332290167e-05,3.42651332290167e-05,NA
"98",0.5,0.99,7.75,5,0,0,0,0,NA
"99",0.745,0.99,7.75,5,0,0,0,0,NA
"100",0.99,0.99,7.75,5,0,0,0,0,NA
"101",0.01,0.01,10,5,0,0,0,0,NA
"102",0.255,0.01,10,5,1.84278332371335e-05,0,1.84278332371335e-05,1.84278332371335e-05,NA
"103",0.5,0.01,10,5,0,0,0,0,NA
"104",0.745,0.01,10,5,0,0,0,0,NA
"105",0.99,0.01,10,5,0.00358646743524604,0,0.00358646743524604,0.00358646743524604,NA
"106",0.01,0.255,10,5,0,0,0,0,NA
"107",0.255,0.255,10,5,1.84278332371335e-05,0,1.84278332371335e-05,1.84278332371335e-05,NA
"108",0.5,0.255,10,5,0,0,0,0,NA
"109",0.745,0.255,10,5,0,0,0,0,NA
"110",0.99,0.255,10,5,0.000358646743524604,0.00113414058493999,-0.00045266855625383,0.00116996204330304,1
"111",0.01,0.5,10,5,0,0,0,0,NA
"112",0.255,0.5,10,5,1.84278332371335e-05,0,1.84278332371335e-05,1.84278332371335e-05,NA
"113",0.5,0.5,10,5,0,0,0,0,NA
"114",0.745,0.5,10,5,0,0,0,0,NA
"115",0.99,0.5,10,5,0,0,0,0,NA
"116",0.01,0.745,10,5,0,0,0,0,NA
"117",0.255,0.745,10,5,1.84278332371335e-05,0,1.84278332371335e-05,1.84278332371335e-05,NA
"118",0.5,0.745,10,5,0,0,0,0,NA
"119",0.745,0.745,10,5,0,0,0,0,NA
"120",0.99,0.745,10,5,0,0,0,0,NA
"121",0.01,0.99,10,5,0,0,0,0,NA
"122",0.255,0.99,10,5,1.84278332371335e-05,0,1.84278332371335e-05,1.84278332371335e-05,NA
"123",0.5,0.99,10,5,0,0,0,0,NA
"124",0.745,0.99,10,5,0,0,0,0,NA
"125",0.99,0.99,10,5,0,0,0,0,NA
