"","lambda","mu","rho","phi","a0","m","s","l_conf","u_conf","t_stat"
"1",0.01,0.01,0.01,5,0.5,0,0,0,0,NA
"2",0.255,0.01,0.01,5,0.5,0,0,0,0,NA
"3",0.5,0.01,0.01,5,0.5,0,0,0,0,NA
"4",0.745,0.01,0.01,5,0.5,0.000245547324739692,0,0.000245547324739692,0.000245547324739692,NA
"5",0.99,0.01,0.01,5,0.5,3.67106169962828e-06,0,3.67106169962828e-06,3.67106169962828e-06,NA
"6",0.01,0.255,0.01,5,0.5,0,0,0,0,NA
"7",0.255,0.255,0.01,5,0.5,0,0,0,0,NA
"8",0.5,0.255,0.01,5,0.5,0,0,0,0,NA
"9",0.745,0.255,0.01,5,0.5,0.000196754184156434,0,0.000196754184156434,0.000196754184156434,NA
"10",0.99,0.255,0.01,5,0.5,2.7883695040698e-06,0,2.7883695040698e-06,2.7883695040698e-06,NA
"11",0.01,0.5,0.01,5,0.5,0,0,0,0,NA
"12",0.255,0.5,0.01,5,0.5,0,0,0,0,NA
"13",0.5,0.5,0.01,5,0.5,0,0,0,0,NA
"14",0.745,0.5,0.01,5,0.5,0,0,0,0,NA
"15",0.99,0.5,0.01,5,0.5,2.11620373136157e-06,0,2.11620373136157e-06,2.11620373136157e-06,NA
"16",0.01,0.745,0.01,5,0.5,0,0,0,0,NA
"17",0.255,0.745,0.01,5,0.5,0,0,0,0,NA
"18",0.5,0.745,0.01,5,0.5,0,0,0,0,NA
"19",0.745,0.745,0.01,5,0.5,0,0,0,0,NA
"20",0.99,0.745,0.01,5,0.5,0,0,0,0,NA
"21",0.01,0.99,0.01,5,0.5,0,0,0,0,NA
"22",0.255,0.99,0.01,5,0.5,0,0,0,0,NA
"23",0.5,0.99,0.01,5,0.5,0,0,0,0,NA
"24",0.745,0.99,0.01,5,0.5,0,0,0,0,NA
"25",0.99,0.99,0.01,5,0.5,0,0,0,0,NA
"26",0.01,0.01,1.8825,5,0.5,0,0,0,0,NA
"27",0.255,0.01,1.8825,5,0.5,0.322627959588285,0,0.322627959588285,0.322627959588285,NA
"28",0.5,0.01,1.8825,5,0.5,0.32112467428627,0,0.32112467428627,0.32112467428627,NA
"29",0.745,0.01,1.8825,5,0.5,0.320694069361297,0,0.320694069361297,0.320694069361297,NA
"30",0.99,0.01,1.8825,5,0.5,0.224305377413567,0.154785415728391,0.113578561328722,0.335032193498412,4.58257569495584
"31",0.01,0.255,1.8825,5,0.5,0,0,0,0,NA
"32",0.255,0.255,1.8825,5,0.5,0.00470462238713176,0,0.00470462238713176,0.00470462238713176,NA
"33",0.5,0.255,1.8825,5,0.5,0.00440201119576134,0,0.00440201119576134,0.00440201119576134,NA
"34",0.745,0.255,1.8825,5,0.5,0.00457801752775255,0,0.00457801752775255,0.00457801752775255,NA
"35",0.99,0.255,1.8825,5,0.5,0.00251303504620268,0.00216287619608413,0.000965806622574341,0.00406026346983103,3.67423461417477
"36",0.01,0.5,1.8825,5,0.5,0,0,0,0,NA
"37",0.255,0.5,1.8825,5,0.5,6.64367256608678e-06,0,6.64367256608678e-06,6.64367256608678e-06,NA
"38",0.5,0.5,1.8825,5,0.5,2.12447892911083e-06,0,2.12447892911083e-06,2.12447892911083e-06,NA
"39",0.745,0.5,1.8825,5,0.5,1.29118637308689e-05,0,1.29118637308689e-05,1.29118637308689e-05,NA
"40",0.99,0.5,1.8825,5,0.5,2.73422219454478e-06,0,2.73422219454478e-06,2.73422219454478e-06,NA
"41",0.01,0.745,1.8825,5,0.5,0,0,0,0,NA
"42",0.255,0.745,1.8825,5,0.5,2.74086597584766e-06,0,2.74086597584766e-06,2.74086597584766e-06,NA
"43",0.5,0.745,1.8825,5,0.5,6.2077010198891e-12,0,6.2077010198891e-12,6.2077010198891e-12,NA
"44",0.745,0.745,1.8825,5,0.5,4.53672877043232e-10,0,4.53672877043232e-10,4.53672877043232e-10,NA
"45",0.99,0.745,1.8825,5,0.5,6.67554900246614e-11,0,6.67554900246614e-11,6.67554900246614e-11,NA
"46",0.01,0.99,1.8825,5,0.5,0,0,0,0,NA
"47",0.255,0.99,1.8825,5,0.5,2.7486147992084e-06,0,2.7486147992084e-06,2.7486147992084e-06,NA
"48",0.5,0.99,1.8825,5,0.5,0,0,0,0,NA
"49",0.745,0.99,1.8825,5,0.5,0,0,0,0,NA
"50",0.99,0.99,1.8825,5,0.5,0,0,0,0,NA
"51",0.01,0.01,3.755,5,0.5,0,0,0,0,NA
"52",0.255,0.01,3.755,5,0.5,0.329557984366481,0,0.329557984366481,0.329557984366481,NA
"53",0.5,0.01,3.755,5,0.5,0.329092136920978,0,0.329092136920978,0.329092136920978,NA
"54",0.745,0.01,3.755,5,0.5,0.32909175254033,0,0.32909175254033,0.32909175254033,NA
"55",0.99,0.01,3.755,5,0.5,0.325233537029215,0,0.325233537029215,0.325233537029215,NA
"56",0.01,0.255,3.755,5,0.5,0,0,0,0,NA
"57",0.255,0.255,3.755,5,0.5,0.00454526560170776,0,0.00454526560170776,0.00454526560170776,NA
"58",0.5,0.255,3.755,5,0.5,0.00430070894982426,0,0.00430070894982426,0.00430070894982426,NA
"59",0.745,0.255,3.755,5,0.5,0.00429994515039345,0,0.00429994515039345,0.00429994515039345,NA
"60",0.99,0.255,3.755,5,0.5,0.00559035941986452,0.0019642520784166,0.00418521813050197,0.00699550070922707,9
"61",0.01,0.5,3.755,5,0.5,0,0,0,0,NA
"62",0.255,0.5,3.755,5,0.5,4.93372048138152e-06,0,4.93372048138152e-06,4.93372048138152e-06,NA
"63",0.5,0.5,3.755,5,0.5,2.20332559686121e-06,0,2.20332559686121e-06,2.20332559686121e-06,NA
"64",0.745,0.5,3.755,5,0.5,1.43782796024894e-06,0,1.43782796024894e-06,1.43782796024894e-06,NA
"65",0.99,0.5,3.755,5,0.5,1.35279733309845e-05,0,1.35279733309845e-05,1.35279733309845e-05,NA
"66",0.01,0.745,3.755,5,0.5,0,0,0,0,NA
"67",0.255,0.745,3.755,5,0.5,2.3678290961282e-06,0,2.3678290961282e-06,2.3678290961282e-06,NA
"68",0.5,0.745,3.755,5,0.5,6.12232486929543e-12,0,6.12232486929543e-12,6.12232486929543e-12,NA
"69",0.745,0.745,3.755,5,0.5,-0.000225856708522043,0,-0.000225856708522043,-0.000225856708522043,NA
"70",0.99,0.745,3.755,5,0.5,-0.0112105636350728,0,-0.0112105636350728,-0.0112105636350728,NA
"71",0.01,0.99,3.755,5,0.5,0,0,0,0,NA
"72",0.255,0.99,3.755,5,0.5,2.36782003038005e-06,0,2.36782003038005e-06,2.36782003038005e-06,NA
"73",0.5,0.99,3.755,5,0.5,0,0,0,0,NA
"74",0.745,0.99,3.755,5,0.5,0,0,0,0,NA
"75",0.99,0.99,3.755,5,0.5,-0.00060887511906742,0.000320905364476544,-0.000838436987708749,-0.000379313250426091,-6
"76",0.01,0.01,5.6275,5,0.5,0,0,0,0,NA
"77",0.255,0.01,5.6275,5,0.5,0.329093259915081,0,0.329093259915081,0.329093259915081,NA
"78",0.5,0.01,5.6275,5,0.5,0.329092136920978,0,0.329092136920978,0.329092136920978,NA
"79",0.745,0.01,5.6275,5,0.5,0.32909175254033,0,0.32909175254033,0.32909175254033,NA
"80",0.99,0.01,5.6275,5,0.5,0.325233537029215,0,0.325233537029215,0.325233537029215,NA
"81",0.01,0.255,5.6275,5,0.5,0,0,0,0,NA
"82",0.255,0.255,5.6275,5,0.5,0.00430294044199742,0,0.00430294044199742,0.00430294044199742,NA
"83",0.5,0.255,5.6275,5,0.5,0.00430070894982426,0,0.00430070894982426,0.00430070894982426,NA
"84",0.745,0.255,5.6275,5,0.5,0.00429994515039345,0,0.00429994515039345,0.00429994515039345,NA
"85",0.99,0.255,5.6275,5,0.5,0.0103216370024328,0,0.0103216370024328,0.0103216370024328,NA
"86",0.01,0.5,5.6275,5,0.5,0,0,0,0,NA
"87",0.255,0.5,5.6275,5,0.5,4.4397792012818e-06,0,4.4397792012818e-06,4.4397792012818e-06,NA
"88",0.5,0.5,5.6275,5,0.5,2.20332559686121e-06,0,2.20332559686121e-06,2.20332559686121e-06,NA
"89",0.745,0.5,5.6275,5,0.5,1.43782796024894e-06,0,1.43782796024894e-06,1.43782796024894e-06,NA
"90",0.99,0.5,5.6275,5,0.5,0.444099235283981,0,0.444099235283981,0.444099235283981,NA
"91",0.01,0.745,5.6275,5,0.5,0,0,0,0,NA
"92",0.255,0.745,5.6275,5,0.5,2.23646226416019e-06,0,2.23646226416019e-06,2.23646226416019e-06,NA
"93",0.5,0.745,5.6275,5,0.5,6.12232486929543e-12,0,6.12232486929543e-12,6.12232486929543e-12,NA
"94",0.745,0.745,5.6275,5,0.5,-6.59727288354617e-08,0,-6.59727288354617e-08,-6.59727288354617e-08,NA
"95",0.99,0.745,5.6275,5,0.5,-0.0606801032917993,0.0418732494190073,-0.0906344214391183,-0.0307257851444803,-4.58257569495584
"96",0.01,0.99,5.6275,5,0.5,0,0,0,0,NA
"97",0.255,0.99,5.6275,5,0.5,2.2364561417243e-06,0,2.2364561417243e-06,2.2364561417243e-06,NA
"98",0.5,0.99,5.6275,5,0.5,0,0,0,0,NA
"99",0.745,0.99,5.6275,5,0.5,-0.000737521627724114,0,-0.000737521627724114,-0.000737521627724114,NA
"100",0.99,0.99,5.6275,5,0.5,-2.66453525910038e-16,2.2932668186396e-16,-2.66453525910038e-16,-2.66453525910038e-16,NA
"101",0.01,0.01,7.5,5,0.5,0,0,0,0,NA
"102",0.255,0.01,7.5,5,0.5,0.329093259915081,0,0.329093259915081,0.329093259915081,NA
"103",0.5,0.01,7.5,5,0.5,0.329092136920978,0,0.329092136920978,0.329092136920978,NA
"104",0.745,0.01,7.5,5,0.5,0.32909175254033,0,0.32909175254033,0.32909175254033,NA
"105",0.99,0.01,7.5,5,0.5,0.325233537029215,0,0.325233537029215,0.325233537029215,NA
"106",0.01,0.255,7.5,5,0.5,0,0,0,0,NA
"107",0.255,0.255,7.5,5,0.5,0.00430294044199742,0,0.00430294044199742,0.00430294044199742,NA
"108",0.5,0.255,7.5,5,0.5,0.00430070894982426,0,0.00430070894982426,0.00430070894982426,NA
"109",0.745,0.255,7.5,5,0.5,0.00429994515039345,0,0.00429994515039345,0.00429994515039345,NA
"110",0.99,0.255,7.5,5,0.5,0.375553728927813,0,0.375553728927813,0.375553728927813,NA
"111",0.01,0.5,7.5,5,0.5,0,0,0,0,NA
"112",0.255,0.5,7.5,5,0.5,4.4397792012818e-06,0,4.4397792012818e-06,4.4397792012818e-06,NA
"113",0.5,0.5,7.5,5,0.5,2.20332559686121e-06,0,2.20332559686121e-06,2.20332559686121e-06,NA
"114",0.745,0.5,7.5,5,0.5,1.43782796024894e-06,0,1.43782796024894e-06,1.43782796024894e-06,NA
"115",0.99,0.5,7.5,5,0.5,-0.178017953893404,0.0625491331895553,-0.222762908283032,-0.133272999503777,-9
"116",0.01,0.745,7.5,5,0.5,0,0,0,0,NA
"117",0.255,0.745,7.5,5,0.5,2.23646226416019e-06,0,2.23646226416019e-06,2.23646226416019e-06,NA
"118",0.5,0.745,7.5,5,0.5,6.12232486929543e-12,0,6.12232486929543e-12,6.12232486929543e-12,NA
"119",0.745,0.745,7.5,5,0.5,1.08854536495784e-09,0,1.08854536495784e-09,1.08854536495784e-09,NA
"120",0.99,0.745,7.5,5,0.5,-0.448110075382021,0.309225329815439,-0.669316550566551,-0.22690360019749,-4.58257569495584
"121",0.01,0.99,7.5,5,0.5,0,0,0,0,NA
"122",0.255,0.99,7.5,5,0.5,2.2364561417243e-06,0,2.2364561417243e-06,2.2364561417243e-06,NA
"123",0.5,0.99,7.5,5,0.5,0,0,0,0,NA
"124",0.745,0.99,7.5,5,0.5,-0.00239505946965479,0,-0.00239505946965479,-0.00239505946965479,NA
"125",0.99,0.99,7.5,5,0.5,-0.00187534481382775,0.00129411086791383,-0.0028010959602816,-0.000949593667373902,-4.58257569495584
