"","lambda","mu","rho","p","phi","m","s","l_conf","u_conf","t_stat"
"1",0.01,0.01,0.01,1,5,0,0,0,0,NA
"2",0.255,0.01,0.01,1,5,0,0,0,0,NA
"3",0.5,0.01,0.01,1,5,0.0100736901642809,0,0.0100736901642809,0.0100736901642809,NA
"4",0.745,0.01,0.01,1,5,0.000363938230953265,0,0.000363938230953265,0.000363938230953265,NA
"5",0.99,0.01,0.01,1,5,6.76943144761744e-06,0,6.76943144761744e-06,6.76943144761744e-06,NA
"6",0.01,0.255,0.01,1,5,0,0,0,0,NA
"7",0.255,0.255,0.01,1,5,0,0,0,0,NA
"8",0.5,0.255,0.01,1,5,0.0100834381780531,0,0.0100834381780531,0.0100834381780531,NA
"9",0.745,0.255,0.01,1,5,0.000364119486935377,0,0.000364119486935377,0.000364119486935377,NA
"10",0.99,0.255,0.01,1,5,6.77091962331122e-06,0,6.77091962331122e-06,6.77091962331122e-06,NA
"11",0.01,0.5,0.01,1,5,0,0,0,0,NA
"12",0.255,0.5,0.01,1,5,0,0,0,0,NA
"13",0.5,0.5,0.01,1,5,0.0100931472078812,0,0.0100931472078812,0.0100931472078812,NA
"14",0.745,0.5,0.01,1,5,0.000364300195312861,0,0.000364300195312861,0.000364300195312861,NA
"15",0.99,0.5,0.01,1,5,6.77240324320483e-06,0,6.77240324320483e-06,6.77240324320483e-06,NA
"16",0.01,0.745,0.01,1,5,0,0,0,0,NA
"17",0.255,0.745,0.01,1,5,0.172744962153345,0,0.172744962153345,0.172744962153345,NA
"18",0.5,0.745,0.01,1,5,0.010102817472292,0,0.010102817472292,0.010102817472292,NA
"19",0.745,0.745,0.01,1,5,0.000364480358248653,0,0.000364480358248653,0.000364480358248653,NA
"20",0.99,0.745,0.01,1,5,6.7738823155139e-06,0,6.7738823155139e-06,6.7738823155139e-06,NA
"21",0.01,0.99,0.01,1,5,0,0,0,0,NA
"22",0.255,0.99,0.01,1,5,0.173090964077388,0,0.173090964077388,0.173090964077388,NA
"23",0.5,0.99,0.01,1,5,0.0101124491882267,0,0.0101124491882267,0.0101124491882267,NA
"24",0.745,0.99,0.01,1,5,0.000364659977910797,0,0.000364659977910797,0.000364659977910797,NA
"25",0.99,0.99,0.01,1,5,6.77535685433828e-06,0,6.77535685433828e-06,6.77535685433828e-06,NA
"26",0.01,0.01,1.8825,1,5,0,0,0,0,NA
"27",0.255,0.01,1.8825,1,5,0.175033112115595,0,0.175033112115595,0.175033112115595,NA
"28",0.5,0.01,1.8825,1,5,0.0103577922356338,0,0.0103577922356338,0.0103577922356338,NA
"29",0.745,0.01,1.8825,1,5,0.000382052311924008,0,0.000382052311924008,0.000382052311924008,NA
"30",0.99,0.01,1.8825,1,5,7.34601413643343e-06,0,7.34601413643343e-06,7.34601413643343e-06,NA
"31",0.01,0.255,1.8825,1,5,0,0,0,0,NA
"32",0.255,0.255,1.8825,1,5,0.213757808986033,0,0.213757808986033,0.213757808986033,NA
"33",0.5,0.255,1.8825,1,5,0.0116370547631176,0,0.0116370547631176,0.0116370547631176,NA
"34",0.745,0.255,1.8825,1,5,0.000406465819874802,0,0.000406465819874802,0.000406465819874802,NA
"35",0.99,0.255,1.8825,1,5,7.50722468045861e-06,0,7.50722468045861e-06,7.50722468045861e-06,NA
"36",0.01,0.5,1.8825,1,5,0,0,0,0,NA
"37",0.255,0.5,1.8825,1,5,0.230406854432588,0,0.230406854432588,0.230406854432588,NA
"38",0.5,0.5,1.8825,1,5,0.0123423285483846,0,0.0123423285483846,0.0123423285483846,NA
"39",0.745,0.5,1.8825,1,5,0.00042098352229869,0,0.00042098352229869,0.00042098352229869,NA
"40",0.99,0.5,1.8825,1,5,7.58134420997258e-06,0,7.58134420997258e-06,7.58134420997258e-06,NA
"41",0.01,0.745,1.8825,1,5,0,0,0,0,NA
"42",0.255,0.745,1.8825,1,5,0.239354365291784,0,0.239354365291784,0.239354365291784,NA
"43",0.5,0.745,1.8825,1,5,0.0127735281908561,0,0.0127735281908561,0.0127735281908561,NA
"44",0.745,0.745,1.8825,1,5,0.00043007840208098,0,0.00043007840208098,0.00043007840208098,NA
"45",0.99,0.745,1.8825,1,5,7.60722959625149e-06,0,7.60722959625149e-06,7.60722959625149e-06,NA
"46",0.01,0.99,1.8825,1,5,0,0,0,0,NA
"47",0.255,0.99,1.8825,1,5,0.244792262096082,0,0.244792262096082,0.244792262096082,NA
"48",0.5,0.99,1.8825,1,5,0.0130553177347493,0,0.0130553177347493,0.0130553177347493,NA
"49",0.745,0.99,1.8825,1,5,0.000435959228820892,0,0.000435959228820892,0.000435959228820892,NA
"50",0.99,0.99,1.8825,1,5,7.60547622769003e-06,0,7.60547622769003e-06,7.60547622769003e-06,NA
"51",0.01,0.01,3.755,1,5,0,0,0,0,NA
"52",0.255,0.01,3.755,1,5,0.178162343980669,0,0.178162343980669,0.178162343980669,NA
"53",0.5,0.01,3.755,1,5,0.0106339643531531,0,0.0106339643531531,0.0106339643531531,NA
"54",0.745,0.01,3.755,1,5,0.000400315184695965,0,0.000400315184695965,0.000400315184695965,NA
"55",0.99,0.01,3.755,1,5,7.95171814926832e-06,0,7.95171814926832e-06,7.95171814926832e-06,NA
"56",0.01,0.255,3.755,1,5,0,0,0,0,NA
"57",0.255,0.255,3.755,1,5,0.231958129238188,0,0.231958129238188,0.231958129238188,NA
"58",0.5,0.255,3.755,1,5,0.0125483356969724,0,0.0125483356969724,0.0125483356969724,NA
"59",0.745,0.255,3.755,1,5,0.000435709692057529,0,0.000435709692057529,0.000435709692057529,NA
"60",0.99,0.255,3.755,1,5,8.08235813443137e-06,0,8.08235813443137e-06,8.08235813443137e-06,NA
"61",0.01,0.5,3.755,1,5,0,0,0,0,NA
"62",0.255,0.5,3.755,1,5,0.246209825041376,0,0.246209825041376,0.246209825041376,NA
"63",0.5,0.5,3.755,1,5,0.0132306475352687,0,0.0132306475352687,0.0132306475352687,NA
"64",0.745,0.5,3.755,1,5,0.000448275921699492,0,0.000448275921699492,0.000448275921699492,NA
"65",0.99,0.5,3.755,1,5,8.02546922773484e-06,0,8.02546922773484e-06,8.02546922773484e-06,NA
"66",0.01,0.745,3.755,1,5,0,0,0,0,NA
"67",0.255,0.745,3.755,1,5,0.252159846688141,0,0.252159846688141,0.252159846688141,NA
"68",0.5,0.745,3.755,1,5,0.0135391976602263,0,0.0135391976602263,0.0135391976602263,NA
"69",0.745,0.745,3.755,1,5,0.000452951251520672,0,0.000452951251520672,0.000452951251520672,NA
"70",0.99,0.745,3.755,1,5,7.91856179038763e-06,0,7.91856179038763e-06,7.91856179038763e-06,NA
"71",0.01,0.99,3.755,1,5,0,0,0,0,NA
"72",0.255,0.99,3.755,1,5,0.255176406632392,0,0.255176406632392,0.255176406632392,NA
"73",0.5,0.99,3.755,1,5,0.0136942943872566,0,0.0136942943872566,0.0136942943872566,NA
"74",0.745,0.99,3.755,1,5,0.000454303891035956,0,0.000454303891035956,0.000454303891035956,NA
"75",0.99,0.99,3.755,1,5,7.80234190767004e-06,0,7.80234190767004e-06,7.80234190767004e-06,NA
"76",0.01,0.01,5.6275,1,5,0,0,0,0,NA
"77",0.255,0.01,5.6275,1,5,0.181113652775843,0,0.181113652775843,0.181113652775843,NA
"78",0.5,0.01,5.6275,1,5,0.0109033367869152,0,0.0109033367869152,0.0109033367869152,NA
"79",0.745,0.01,5.6275,1,5,0.000418751346666801,0,0.000418751346666801,0.000418751346666801,NA
"80",0.99,0.01,5.6275,1,5,8.58783660961926e-06,0,8.58783660961926e-06,8.58783660961926e-06,NA
"81",0.01,0.255,5.6275,1,5,0,0,0,0,NA
"82",0.255,0.255,5.6275,1,5,0.242288502289918,0,0.242288502289918,0.242288502289918,NA
"83",0.5,0.255,5.6275,1,5,0.0131515268466145,0,0.0131515268466145,0.0131515268466145,NA
"84",0.745,0.255,5.6275,1,5,0.000457189288995741,0,0.000457189288995741,0.000457189288995741,NA
"85",0.99,0.255,5.6275,1,5,8.54509543812831e-06,0,8.54509543812831e-06,8.54509543812831e-06,NA
"86",0.01,0.5,5.6275,1,5,0,0,0,0,NA
"87",0.255,0.5,5.6275,1,5,0.253468429282989,0,0.253468429282989,0.253468429282989,NA
"88",0.5,0.5,5.6275,1,5,0.013694929131397,0,0.013694929131397,0.013694929131397,NA
"89",0.745,0.5,5.6275,1,5,0.000463767659602987,0,0.000463767659602987,0.000463767659602987,NA
"90",0.99,0.5,5.6275,1,5,8.29315194084135e-06,0,8.29315194084135e-06,8.29315194084135e-06,NA
"91",0.01,0.745,5.6275,1,5,0,0,0,0,NA
"92",0.255,0.745,5.6275,1,5,0.257308993648339,0,0.257308993648339,0.257308993648339,NA
"93",0.5,0.745,5.6275,1,5,0.0138753754024344,0,0.0138753754024344,0.0138753754024344,NA
"94",0.745,0.745,5.6275,1,5,0.00046328737230783,0,0.00046328737230783,0.00046328737230783,NA
"95",0.99,0.745,5.6275,1,5,8.0486126005086e-06,0,8.0486126005086e-06,8.0486126005086e-06,NA
"96",0.01,0.99,5.6275,1,5,0,0,0,0,NA
"97",0.255,0.99,5.6275,1,5,0.258939970039162,0,0.258939970039162,0.258939970039162,NA
"98",0.5,0.99,5.6275,1,5,0.01393443652105,0,0.01393443652105,0.01393443652105,NA
"99",0.745,0.99,5.6275,1,5,0.000460756277019359,0,0.000460756277019359,0.000460756277019359,NA
"100",0.99,0.99,5.6275,1,5,7.83810424054288e-06,0,7.83810424054288e-06,7.83810424054288e-06,NA
"101",0.01,0.01,7.5,1,5,0,0,0,0,NA
"102",0.255,0.01,7.5,1,5,0.183912157859145,0,0.183912157859145,0.183912157859145,NA
"103",0.5,0.01,7.5,1,5,0.0111667739184032,0,0.0111667739184032,0.0111667739184032,NA
"104",0.745,0.01,7.5,1,5,0.000437378914693309,0,0.000437378914693309,0.000437378914693309,NA
"105",0.99,0.01,7.5,1,5,9.25559580589042e-06,0,9.25559580589042e-06,9.25559580589042e-06,NA
"106",0.01,0.255,7.5,1,5,0,0,0,0,NA
"107",0.255,0.255,7.5,1,5,0.24899469042078,0,0.24899469042078,0.24899469042078,NA
"108",0.5,0.255,7.5,1,5,0.0135822232016161,0,0.0135822232016161,0.0135822232016161,NA
"109",0.745,0.255,7.5,1,5,0.00047367098244111,0,0.00047367098244111,0.00047367098244111,NA
"110",0.99,0.255,7.5,1,5,8.92605990798767e-06,0,8.92605990798767e-06,8.92605990798767e-06,NA
"111",0.01,0.5,7.5,1,5,0,0,0,0,NA
"112",0.255,0.5,7.5,1,5,0.257587009525811,0,0.257587009525811,0.257587009525811,NA
"113",0.5,0.5,7.5,1,5,0.0139749242755534,0,0.0139749242755534,0.0139749242755534,NA
"114",0.745,0.5,7.5,1,5,0.000473455427605018,0,0.000473455427605018,0.000473455427605018,NA
"115",0.99,0.5,7.5,1,5,8.46427936107563e-06,0,8.46427936107563e-06,8.46427936107563e-06,NA
"116",0.01,0.745,7.5,1,5,0,0,0,0,NA
"117",0.255,0.745,7.5,1,5,0.259980581047954,0,0.259980581047954,0.259980581047954,NA
"118",0.5,0.745,7.5,1,5,0.0140527444394111,0,0.0140527444394111,0.0140527444394111,NA
"119",0.745,0.745,7.5,1,5,0.000468538070902524,0,0.000468538070902524,0.000468538070902524,NA
"120",0.99,0.745,7.5,1,5,8.10095292969049e-06,0,8.10095292969049e-06,8.10095292969049e-06,NA
"121",0.01,0.99,7.5,1,5,0,0,0,0,NA
"122",0.255,0.99,7.5,1,5,0.260742277257619,0,0.260742277257619,0.260742277257619,NA
"123",0.5,0.99,7.5,1,5,0.0140439580399183,0,0.0140439580399183,0.0140439580399183,NA
"124",0.745,0.99,7.5,1,5,0.000463087205345158,0,0.000463087205345158,0.000463087205345158,NA
"125",0.99,0.99,7.5,1,5,7.81971171792684e-06,0,7.81971171792684e-06,7.81971171792684e-06,NA
"126",0.01,0.01,0.01,3.25,5,0,0,0,0,NA
"127",0.255,0.01,0.01,3.25,5,0.000703745447075521,0,0.000703745447075521,0.000703745447075521,NA
"128",0.5,0.01,0.01,3.25,5,1.50101564511118e-09,0,1.50101564511118e-09,1.50101564511118e-09,NA
"129",0.745,0.01,0.01,3.25,5,0,0,0,0,NA
"130",0.99,0.01,0.01,3.25,5,0,0,0,0,NA
"131",0.01,0.255,0.01,3.25,5,0,0,0,0,NA
"132",0.255,0.255,0.01,3.25,5,0.000703745467540928,0,0.000703745467540928,0.000703745467540928,NA
"133",0.5,0.255,0.01,3.25,5,1.50101564511118e-09,0,1.50101564511118e-09,1.50101564511118e-09,NA
"134",0.745,0.255,0.01,3.25,5,0,0,0,0,NA
"135",0.99,0.255,0.01,3.25,5,0,0,0,0,NA
"136",0.01,0.5,0.01,3.25,5,0,0,0,0,NA
"137",0.255,0.5,0.01,3.25,5,0.000703745488009333,0,0.000703745488009333,0.000703745488009333,NA
"138",0.5,0.5,0.01,3.25,5,1.50101608920039e-09,0,1.50101608920039e-09,1.50101608920039e-09,NA
"139",0.745,0.5,0.01,3.25,5,0,0,0,0,NA
"140",0.99,0.5,0.01,3.25,5,0,0,0,0,NA
"141",0.01,0.745,0.01,3.25,5,0,0,0,0,NA
"142",0.255,0.745,0.01,3.25,5,0.00070374550847585,0,0.00070374550847585,0.00070374550847585,NA
"143",0.5,0.745,0.01,3.25,5,1.50101564511118e-09,0,1.50101564511118e-09,1.50101564511118e-09,NA
"144",0.745,0.745,0.01,3.25,5,0,0,0,0,NA
"145",0.99,0.745,0.01,3.25,5,0,0,0,0,NA
"146",0.01,0.99,0.01,3.25,5,0,0,0,0,NA
"147",0.255,0.99,0.01,3.25,5,0.000703745528941591,0,0.000703745528941591,0.000703745528941591,NA
"148",0.5,0.99,0.01,3.25,5,1.50101564511118e-09,0,1.50101564511118e-09,1.50101564511118e-09,NA
"149",0.745,0.99,0.01,3.25,5,0,0,0,0,NA
"150",0.99,0.99,0.01,3.25,5,0,0,0,0,NA
"151",0.01,0.01,1.8825,3.25,5,0,0,0,0,NA
"152",0.255,0.01,1.8825,3.25,5,0.000703745603520489,0,0.000703745603520489,0.000703745603520489,NA
"153",0.5,0.01,1.8825,3.25,5,1.50101608920039e-09,0,1.50101608920039e-09,1.50101608920039e-09,NA
"154",0.745,0.01,1.8825,3.25,5,0,0,0,0,NA
"155",0.99,0.01,1.8825,3.25,5,4.84047246729347e-11,0,4.84047246729347e-11,4.84047246729347e-11,NA
"156",0.01,0.255,1.8825,3.25,5,0,0,0,0,NA
"157",0.255,0.255,1.8825,3.25,5,0.000703749456075542,0,0.000703749456075542,0.000703749456075542,NA
"158",0.5,0.255,1.8825,3.25,5,1.50101964191407e-09,0,1.50101964191407e-09,1.50101964191407e-09,NA
"159",0.745,0.255,1.8825,3.25,5,0,0,0,0,NA
"160",0.99,0.255,1.8825,3.25,5,4.84039475168174e-11,0,4.84039475168174e-11,4.84039475168174e-11,NA
"161",0.01,0.5,1.8825,3.25,5,0,0,0,0,NA
"162",0.255,0.5,1.8825,3.25,5,0.000703753308541888,0,0.000703753308541888,0.000703753308541888,NA
"163",0.5,0.5,1.8825,3.25,5,1.50102386076156e-09,0,1.50102386076156e-09,1.50102386076156e-09,NA
"164",0.745,0.5,1.8825,3.25,5,0,0,0,0,NA
"165",0.99,0.5,1.8825,3.25,5,4.84039475168174e-11,0,4.84039475168174e-11,4.84039475168174e-11,NA
"166",0.01,0.745,1.8825,3.25,5,0.636610451784105,0,0.636610451784105,0.636610451784105,NA
"167",0.255,0.745,1.8825,3.25,5,0.0007037571609112,0,0.0007037571609112,0.0007037571609112,NA
"168",0.5,0.745,1.8825,3.25,5,1.50102752449754e-09,0,1.50102752449754e-09,1.50102752449754e-09,NA
"169",0.745,0.745,1.8825,3.25,5,0,0,0,0,NA
"170",0.99,0.745,1.8825,3.25,5,4.84043916060273e-11,0,4.84043916060273e-11,4.84043916060273e-11,NA
"171",0.01,0.99,1.8825,3.25,5,0.636624893766545,0,0.636624893766545,0.636624893766545,NA
"172",0.255,0.99,1.8825,3.25,5,0.000703761013210458,0,0.000703761013210458,0.000703761013210458,NA
"173",0.5,0.99,1.8825,3.25,5,1.50103085516662e-09,0,1.50103085516662e-09,1.50103085516662e-09,NA
"174",0.745,0.99,1.8825,3.25,5,0,0,0,0,NA
"175",0.99,0.99,1.8825,3.25,5,4.84047246729347e-11,0,4.84047246729347e-11,4.84047246729347e-11,NA
"176",0.01,0.01,3.755,3.25,5,0,0,0,0,NA
"177",0.255,0.01,3.755,3.25,5,0.000703745759962127,0,0.000703745759962127,0.000703745759962127,NA
"178",0.5,0.01,3.755,3.25,5,1.50101564511118e-09,0,1.50101564511118e-09,1.50101564511118e-09,NA
"179",0.745,0.01,3.755,3.25,5,0,0,0,0,NA
"180",0.99,0.01,3.755,3.25,5,4.84043916060273e-11,0,4.84043916060273e-11,4.84043916060273e-11,NA
"181",0.01,0.255,3.755,3.25,5,0,0,0,0,NA
"182",0.255,0.255,3.755,3.25,5,0.000703753444523336,0,0.000703753444523336,0.000703753444523336,NA
"183",0.5,0.255,3.755,3.25,5,1.50102508200689e-09,0,1.50102508200689e-09,1.50102508200689e-09,NA
"184",0.745,0.255,3.755,3.25,5,0,0,0,0,NA
"185",0.99,0.255,3.755,3.25,5,4.84051687621445e-11,0,4.84051687621445e-11,4.84051687621445e-11,NA
"186",0.01,0.5,3.755,3.25,5,0,0,0,0,NA
"187",0.255,0.5,3.755,3.25,5,0.000703761128731939,0,0.000703761128731939,0.000703761128731939,NA
"188",0.5,0.5,3.755,3.25,5,1.50103363072418e-09,0,1.50103363072418e-09,1.50103363072418e-09,NA
"189",0.745,0.5,3.755,3.25,5,0,0,0,0,NA
"190",0.99,0.5,3.755,3.25,5,4.84039475168174e-11,0,4.84039475168174e-11,4.84039475168174e-11,NA
"191",0.01,0.745,3.755,3.25,5,0.190996237988066,0.30753316019888,-0.0289997319751858,0.410992207951317,1.96396101212393
"192",0.255,0.745,3.755,3.25,5,0.000703768812580496,0,0.000703768812580496,0.000703768812580496,NA
"193",0.5,0.745,3.755,3.25,5,1.50104284557528e-09,0,1.50104284557528e-09,1.50104284557528e-09,NA
"194",0.745,0.745,3.755,3.25,5,0,0,0,0,NA
"195",0.99,0.745,3.755,3.25,5,4.84043916060273e-11,0,4.84043916060273e-11,4.84043916060273e-11,NA
"196",0.01,0.99,3.755,3.25,5,0.636682917724283,0,0.636682917724283,0.636682917724283,NA
"197",0.255,0.99,3.755,3.25,5,0.000703776496096431,0,0.000703776496096431,0.000703776496096431,NA
"198",0.5,0.99,3.755,3.25,5,1.50105217144869e-09,0,1.50105217144869e-09,1.50105217144869e-09,NA
"199",0.745,0.99,3.755,3.25,5,0,0,0,0,NA
"200",0.99,0.99,3.755,3.25,5,4.84047246729347e-11,0,4.84047246729347e-11,4.84047246729347e-11,NA
"201",0.01,0.01,5.6275,3.25,5,0,0,0,0,NA
"202",0.255,0.01,5.6275,3.25,5,0.000703745916405429,0,0.000703745916405429,0.000703745916405429,NA
"203",0.5,0.01,5.6275,3.25,5,1.50101608920039e-09,0,1.50101608920039e-09,1.50101608920039e-09,NA
"204",0.745,0.01,5.6275,3.25,5,0,0,0,0,NA
"205",0.99,0.01,5.6275,3.25,5,4.84047246729347e-11,0,4.84047246729347e-11,4.84047246729347e-11,NA
"206",0.01,0.255,5.6275,3.25,5,0,0,0,0,NA
"207",0.255,0.255,5.6275,3.25,5,0.000703757432871543,0,0.000703757432871543,0.000703757432871543,NA
"208",0.5,0.255,5.6275,3.25,5,1.5010300780105e-09,0,1.5010300780105e-09,1.5010300780105e-09,NA
"209",0.745,0.255,5.6275,3.25,5,0,0,0,0,NA
"210",0.99,0.255,5.6275,3.25,5,4.84043916060273e-11,0,4.84043916060273e-11,4.84043916060273e-11,NA
"211",0.01,0.5,5.6275,3.25,5,0,0,0,0,NA
"212",0.255,0.5,5.6275,3.25,5,0.000703768948545846,0,0.000703768948545846,0.000703768948545846,NA
"213",0.5,0.5,5.6275,3.25,5,1.50104140228535e-09,0,1.50104140228535e-09,1.50104140228535e-09,NA
"214",0.745,0.5,5.6275,3.25,5,0,0,0,0,NA
"215",0.99,0.5,5.6275,3.25,5,4.84039475168174e-11,0,4.84039475168174e-11,4.84039475168174e-11,NA
"216",0.01,0.745,5.6275,3.25,5,0.191009334082914,0.307554246914919,-0.0290017204082802,0.411020388574108,1.96396101212393
"217",0.255,0.745,5.6275,3.25,5,0.000703780463419679,0,0.000703780463419679,0.000703780463419679,NA
"218",0.5,0.745,5.6275,3.25,5,1.50105339269402e-09,0,1.50105339269402e-09,1.50105339269402e-09,NA
"219",0.745,0.745,5.6275,3.25,5,0,0,0,0,NA
"220",0.99,0.745,5.6275,3.25,5,4.84043916060273e-11,0,4.84043916060273e-11,4.84043916060273e-11,NA
"221",0.01,0.99,5.6275,3.25,5,0.636740904404142,0,0.636740904404142,0.636740904404142,NA
"222",0.255,0.99,5.6275,3.25,5,0.000703791977520796,0,0.000703791977520796,0.000703791977520796,NA
"223",0.5,0.99,5.6275,3.25,5,1.50106671537031e-09,0,1.50106671537031e-09,1.50106671537031e-09,NA
"224",0.745,0.99,5.6275,3.25,5,0,0,0,0,NA
"225",0.99,0.99,5.6275,3.25,5,4.84047246729347e-11,0,4.84047246729347e-11,4.84047246729347e-11,NA
"226",0.01,0.01,7.5,3.25,5,0,0,0,0,NA
"227",0.255,0.01,7.5,3.25,5,0.00070374607284851,0,0.00070374607284851,0.00070374607284851,NA
"228",0.5,0.01,7.5,3.25,5,1.5010165332896e-09,0,1.5010165332896e-09,1.5010165332896e-09,NA
"229",0.745,0.01,7.5,3.25,5,0,0,0,0,NA
"230",0.99,0.01,7.5,3.25,5,4.84051687621445e-11,0,4.84051687621445e-11,4.84051687621445e-11,NA
"231",0.01,0.255,7.5,3.25,5,0,0,0,0,NA
"232",0.255,0.255,7.5,3.25,5,0.000703761421126159,0,0.000703761421126159,0.000703761421126159,NA
"233",0.5,0.255,7.5,3.25,5,1.50103329765727e-09,0,1.50103329765727e-09,1.50103329765727e-09,NA
"234",0.745,0.255,7.5,3.25,5,0,0,0,0,NA
"235",0.99,0.255,7.5,3.25,5,4.84056128513544e-11,0,4.84056128513544e-11,4.84056128513544e-11,NA
"236",0.01,0.5,7.5,3.25,5,0,0,0,0,NA
"237",0.255,0.5,7.5,3.25,5,0.000703776767993047,0,0.000703776767993047,0.000703776767993047,NA
"238",0.5,0.5,7.5,3.25,5,1.50104939589113e-09,0,1.50104939589113e-09,1.50104939589113e-09,NA
"239",0.745,0.5,7.5,3.25,5,0,0,0,0,NA
"240",0.99,0.5,7.5,3.25,5,4.84056128513544e-11,0,4.84056128513544e-11,4.84056128513544e-11,NA
"241",0.01,0.745,7.5,3.25,5,0.318370706374889,0.335592190807112,0.0783025150911957,0.558438897658581,3
"242",0.255,0.745,7.5,3.25,5,0.000703792113465274,0,0.000703792113465274,0.000703792113465274,NA
"243",0.5,0.745,7.5,3.25,5,1.50106549412499e-09,0,1.50106549412499e-09,1.50106549412499e-09,NA
"244",0.745,0.745,7.5,3.25,5,0,0,0,0,NA
"245",0.99,0.745,7.5,3.25,5,4.84059459182618e-11,0,4.84059459182618e-11,4.84059459182618e-11,NA
"246",0.01,0.99,7.5,3.25,5,0.636798853846051,0,0.636798853846051,0.636798853846051,NA
"247",0.255,0.99,7.5,3.25,5,0.000703807457510197,0,0.000703807457510197,0.000703807457510197,NA
"248",0.5,0.99,7.5,3.25,5,1.50108248053726e-09,0,1.50108248053726e-09,1.50108248053726e-09,NA
"249",0.745,0.99,7.5,3.25,5,0,0,0,0,NA
"250",0.99,0.99,7.5,3.25,5,4.84077222751012e-11,0,4.84077222751012e-11,4.84077222751012e-11,NA
"251",0.01,0.01,0.01,5.5,5,0,0,0,0,NA
"252",0.255,0.01,0.01,5.5,5,9.52887040395201e-05,0,9.52887040395201e-05,9.52887040395201e-05,NA
"253",0.5,0.01,0.01,5.5,5,2.09721129351692e-13,0,2.09721129351692e-13,2.09721129351692e-13,NA
"254",0.745,0.01,0.01,5.5,5,3.33066907387547e-16,0,3.33066907387547e-16,3.33066907387547e-16,NA
"255",0.99,0.01,0.01,5.5,5,0,0,0,0,NA
"256",0.01,0.255,0.01,5.5,5,0,0,0,0,NA
"257",0.255,0.255,0.01,5.5,5,9.52887040395201e-05,0,9.52887040395201e-05,9.52887040395201e-05,NA
"258",0.5,0.255,0.01,5.5,5,2.09721129351692e-13,0,2.09721129351692e-13,2.09721129351692e-13,NA
"259",0.745,0.255,0.01,5.5,5,3.33066907387547e-16,0,3.33066907387547e-16,3.33066907387547e-16,NA
"260",0.99,0.255,0.01,5.5,5,0,0,0,0,NA
"261",0.01,0.5,0.01,5.5,5,0,0,0,0,NA
"262",0.255,0.5,0.01,5.5,5,9.52887040395201e-05,0,9.52887040395201e-05,9.52887040395201e-05,NA
"263",0.5,0.5,0.01,5.5,5,2.09721129351692e-13,0,2.09721129351692e-13,2.09721129351692e-13,NA
"264",0.745,0.5,0.01,5.5,5,6.66133814775094e-17,1.40433338743068e-16,6.66133814775094e-17,6.66133814775094e-17,NA
"265",0.99,0.5,0.01,5.5,5,0,0,0,0,NA
"266",0.01,0.745,0.01,5.5,5,0,0,0,0,NA
"267",0.255,0.745,0.01,5.5,5,9.52887040396311e-05,0,9.52887040396311e-05,9.52887040396311e-05,NA
"268",0.5,0.745,0.01,5.5,5,2.09721129351692e-13,0,2.09721129351692e-13,2.09721129351692e-13,NA
"269",0.745,0.745,0.01,5.5,5,0,0,0,0,NA
"270",0.99,0.745,0.01,5.5,5,0,0,0,0,NA
"271",0.01,0.99,0.01,5.5,5,0,0,0,0,NA
"272",0.255,0.99,0.01,5.5,5,9.52887040395201e-05,0,9.52887040395201e-05,9.52887040395201e-05,NA
"273",0.5,0.99,0.01,5.5,5,2.09721129351692e-13,0,2.09721129351692e-13,2.09721129351692e-13,NA
"274",0.745,0.99,0.01,5.5,5,0,0,0,0,NA
"275",0.99,0.99,0.01,5.5,5,0,0,0,0,NA
"276",0.01,0.01,1.8825,5.5,5,0,0,0,0,NA
"277",0.255,0.01,1.8825,5.5,5,9.52887040395201e-05,0,9.52887040395201e-05,9.52887040395201e-05,NA
"278",0.5,0.01,1.8825,5.5,5,2.09721129351692e-13,0,2.09721129351692e-13,2.09721129351692e-13,NA
"279",0.745,0.01,1.8825,5.5,5,3.33066907387547e-16,0,3.33066907387547e-16,3.33066907387547e-16,NA
"280",0.99,0.01,1.8825,5.5,5,9.84539532933315e-06,0,9.84539532933315e-06,9.84539532933315e-06,NA
"281",0.01,0.255,1.8825,5.5,5,0,0,0,0,NA
"282",0.255,0.255,1.8825,5.5,5,9.52887040547301e-05,0,9.52887040547301e-05,9.52887040547301e-05,NA
"283",0.5,0.255,1.8825,5.5,5,2.09721129351692e-13,0,2.09721129351692e-13,2.09721129351692e-13,NA
"284",0.745,0.255,1.8825,5.5,5,3.33066907387547e-16,0,3.33066907387547e-16,3.33066907387547e-16,NA
"285",0.99,0.255,1.8825,5.5,5,9.84539532966622e-06,0,9.84539532966622e-06,9.84539532966622e-06,NA
"286",0.01,0.5,1.8825,5.5,5,0,0,0,0,NA
"287",0.255,0.5,1.8825,5.5,5,9.52887040679418e-05,0,9.52887040679418e-05,9.52887040679418e-05,NA
"288",0.5,0.5,1.8825,5.5,5,2.09277040141842e-13,0,2.09277040141842e-13,2.09277040141842e-13,NA
"289",0.745,0.5,1.8825,5.5,5,3.33066907387547e-16,0,3.33066907387547e-16,3.33066907387547e-16,NA
"290",0.99,0.5,1.8825,5.5,5,9.84539533022133e-06,0,9.84539533022133e-06,9.84539533022133e-06,NA
"291",0.01,0.745,1.8825,5.5,5,0,0,0,0,NA
"292",0.255,0.745,1.8825,5.5,5,9.52887040810424e-05,0,9.52887040810424e-05,9.52887040810424e-05,NA
"293",0.5,0.745,1.8825,5.5,5,2.09721129351692e-13,0,2.09721129351692e-13,2.09721129351692e-13,NA
"294",0.745,0.745,1.8825,5.5,5,3.33066907387547e-16,0,3.33066907387547e-16,3.33066907387547e-16,NA
"295",0.99,0.745,1.8825,5.5,5,9.84539533133155e-06,0,9.84539533133155e-06,9.84539533133155e-06,NA
"296",0.01,0.99,1.8825,5.5,5,0,0,0,0,NA
"297",0.255,0.99,1.8825,5.5,5,9.52887040962525e-05,0,9.52887040962525e-05,9.52887040962525e-05,NA
"298",0.5,0.99,1.8825,5.5,5,2.09721129351692e-13,0,2.09721129351692e-13,2.09721129351692e-13,NA
"299",0.745,0.99,1.8825,5.5,5,3.33066907387547e-16,0,3.33066907387547e-16,3.33066907387547e-16,NA
"300",0.99,0.99,1.8825,5.5,5,9.84539533133155e-06,0,9.84539533133155e-06,9.84539533133155e-06,NA
"301",0.01,0.01,3.755,5.5,5,0,0,0,0,NA
"302",0.255,0.01,3.755,5.5,5,9.52887040404082e-05,0,9.52887040404082e-05,9.52887040404082e-05,NA
"303",0.5,0.01,3.755,5.5,5,2.09721129351692e-13,0,2.09721129351692e-13,2.09721129351692e-13,NA
"304",0.745,0.01,3.755,5.5,5,3.33066907387547e-16,0,3.33066907387547e-16,3.33066907387547e-16,NA
"305",0.99,0.01,3.755,5.5,5,9.84539532933315e-06,0,9.84539532933315e-06,9.84539532933315e-06,NA
"306",0.01,0.255,3.755,5.5,5,0,0,0,0,NA
"307",0.255,0.255,3.755,5.5,5,9.52887040679418e-05,0,9.52887040679418e-05,9.52887040679418e-05,NA
"308",0.5,0.255,3.755,5.5,5,2.09277040141842e-13,0,2.09277040141842e-13,2.09277040141842e-13,NA
"309",0.745,0.255,3.755,5.5,5,3.33066907387547e-16,0,3.33066907387547e-16,3.33066907387547e-16,NA
"310",0.99,0.255,3.755,5.5,5,9.84539533099849e-06,0,9.84539533099849e-06,9.84539533099849e-06,NA
"311",0.01,0.5,3.755,5.5,5,0,0,0,0,NA
"312",0.255,0.5,3.755,5.5,5,9.52887040936989e-05,0,9.52887040936989e-05,9.52887040936989e-05,NA
"313",0.5,0.5,3.755,5.5,5,2.09721129351692e-13,0,2.09721129351692e-13,2.09721129351692e-13,NA
"314",0.745,0.5,3.755,5.5,5,3.33066907387547e-16,0,3.33066907387547e-16,3.33066907387547e-16,NA
"315",0.99,0.5,3.755,5.5,5,9.84539533177564e-06,0,9.84539533177564e-06,9.84539533177564e-06,NA
"316",0.01,0.745,3.755,5.5,5,0,0,0,0,NA
"317",0.255,0.745,3.755,5.5,5,9.5288704119123e-05,0,9.5288704119123e-05,9.5288704119123e-05,NA
"318",0.5,0.745,3.755,5.5,5,2.09277040141842e-13,0,2.09277040141842e-13,2.09277040141842e-13,NA
"319",0.745,0.745,3.755,5.5,5,3.33066907387547e-16,0,3.33066907387547e-16,3.33066907387547e-16,NA
"320",0.99,0.745,3.755,5.5,5,9.8453953325528e-06,0,9.8453953325528e-06,9.8453953325528e-06,NA
"321",0.01,0.99,3.755,5.5,5,0,0,0,0,NA
"322",0.255,0.99,3.755,5.5,5,9.52887041466566e-05,0,9.52887041466566e-05,9.52887041466566e-05,NA
"323",0.5,0.99,3.755,5.5,5,2.09721129351692e-13,0,2.09721129351692e-13,2.09721129351692e-13,NA
"324",0.745,0.99,3.755,5.5,5,3.33066907387547e-16,0,3.33066907387547e-16,3.33066907387547e-16,NA
"325",0.99,0.99,3.755,5.5,5,9.84539533410711e-06,0,9.84539533410711e-06,9.84539533410711e-06,NA
"326",0.01,0.01,5.6275,5.5,5,0,0,0,0,NA
"327",0.255,0.01,5.6275,5.5,5,9.52887040408523e-05,0,9.52887040408523e-05,9.52887040408523e-05,NA
"328",0.5,0.01,5.6275,5.5,5,2.09277040141842e-13,0,2.09277040141842e-13,2.09277040141842e-13,NA
"329",0.745,0.01,5.6275,5.5,5,3.33066907387547e-16,0,3.33066907387547e-16,3.33066907387547e-16,NA
"330",0.99,0.01,5.6275,5.5,5,9.84539532933315e-06,0,9.84539532933315e-06,9.84539532933315e-06,NA
"331",0.01,0.255,5.6275,5.5,5,0,0,0,0,NA
"332",0.255,0.255,5.6275,5.5,5,9.52887040834849e-05,0,9.52887040834849e-05,9.52887040834849e-05,NA
"333",0.5,0.255,5.6275,5.5,5,2.09721129351692e-13,0,2.09721129351692e-13,2.09721129351692e-13,NA
"334",0.745,0.255,5.6275,5.5,5,3.33066907387547e-16,0,3.33066907387547e-16,3.33066907387547e-16,NA
"335",0.99,0.255,5.6275,5.5,5,9.84539533133155e-06,0,9.84539533133155e-06,9.84539533133155e-06,NA
"336",0.01,0.5,5.6275,5.5,5,0,0,0,0,NA
"337",0.255,0.5,5.6275,5.5,5,9.5288704124008e-05,0,9.5288704124008e-05,9.5288704124008e-05,NA
"338",0.5,0.5,5.6275,5.5,5,2.09721129351692e-13,0,2.09721129351692e-13,2.09721129351692e-13,NA
"339",0.745,0.5,5.6275,5.5,5,3.33066907387547e-16,0,3.33066907387547e-16,3.33066907387547e-16,NA
"340",0.99,0.5,5.6275,5.5,5,9.84539533177564e-06,0,9.84539533177564e-06,9.84539533177564e-06,NA
"341",0.01,0.745,5.6275,5.5,5,0,0,0,0,NA
"342",0.255,0.745,5.6275,5.5,5,9.52887041659745e-05,0,9.52887041659745e-05,9.52887041659745e-05,NA
"343",0.5,0.745,5.6275,5.5,5,2.09721129351692e-13,0,2.09721129351692e-13,2.09721129351692e-13,NA
"344",0.745,0.745,5.6275,5.5,5,3.33066907387547e-16,0,3.33066907387547e-16,3.33066907387547e-16,NA
"345",0.99,0.745,5.6275,5.5,5,9.84539533377404e-06,0,9.84539533377404e-06,9.84539533377404e-06,NA
"346",0.01,0.99,5.6275,5.5,5,0,0,0,0,NA
"347",0.255,0.99,5.6275,5.5,5,9.5288704208607e-05,0,9.5288704208607e-05,9.5288704208607e-05,NA
"348",0.5,0.99,5.6275,5.5,5,2.09277040141842e-13,0,2.09277040141842e-13,2.09277040141842e-13,NA
"349",0.745,0.99,5.6275,5.5,5,3.33066907387547e-16,0,3.33066907387547e-16,3.33066907387547e-16,NA
"350",0.99,0.99,5.6275,5.5,5,9.84539533765982e-06,0,9.84539533765982e-06,9.84539533765982e-06,NA
"351",0.01,0.01,7.5,5.5,5,0,0,0,0,NA
"352",0.255,0.01,7.5,5.5,5,9.52887040425177e-05,0,9.52887040425177e-05,9.52887040425177e-05,NA
"353",0.5,0.01,7.5,5.5,5,2.09277040141842e-13,0,2.09277040141842e-13,2.09277040141842e-13,NA
"354",0.745,0.01,7.5,5.5,5,3.33066907387547e-16,0,3.33066907387547e-16,3.33066907387547e-16,NA
"355",0.99,0.01,7.5,5.5,5,9.84539532933315e-06,0,9.84539532933315e-06,9.84539532933315e-06,NA
"356",0.01,0.255,7.5,5.5,5,0,0,0,0,NA
"357",0.255,0.255,7.5,5.5,5,9.52887040962525e-05,0,9.52887040962525e-05,9.52887040962525e-05,NA
"358",0.5,0.255,7.5,5.5,5,2.09721129351692e-13,0,2.09721129351692e-13,2.09721129351692e-13,NA
"359",0.745,0.255,7.5,5.5,5,3.33066907387547e-16,0,3.33066907387547e-16,3.33066907387547e-16,NA
"360",0.99,0.255,7.5,5.5,5,9.8453953305544e-06,0,9.8453953305544e-06,9.8453953305544e-06,NA
"361",0.01,0.5,7.5,5.5,5,0,0,0,0,NA
"362",0.255,0.5,7.5,5.5,5,9.52887041500983e-05,0,9.52887041500983e-05,9.52887041500983e-05,NA
"363",0.5,0.5,7.5,5.5,5,2.09721129351692e-13,0,2.09721129351692e-13,2.09721129351692e-13,NA
"364",0.745,0.5,7.5,5.5,5,3.33066907387547e-16,0,3.33066907387547e-16,3.33066907387547e-16,NA
"365",0.99,0.5,7.5,5.5,5,9.8453953325528e-06,0,9.8453953325528e-06,9.8453953325528e-06,NA
"366",0.01,0.745,7.5,5.5,5,0,0,0,0,NA
"367",0.255,0.745,7.5,5.5,5,9.5288704203611e-05,0,9.5288704203611e-05,9.5288704203611e-05,NA
"368",0.5,0.745,7.5,5.5,5,2.09721129351692e-13,0,2.09721129351692e-13,2.09721129351692e-13,NA
"369",0.745,0.745,7.5,5.5,5,3.33066907387547e-16,0,3.33066907387547e-16,3.33066907387547e-16,NA
"370",0.99,0.745,7.5,5.5,5,9.8453953325528e-06,0,9.8453953325528e-06,9.8453953325528e-06,NA
"371",0.01,0.99,7.5,5.5,5,0,0,0,0,NA
"372",0.255,0.99,7.5,5.5,5,9.5288704258234e-05,0,9.5288704258234e-05,9.5288704258234e-05,NA
"373",0.5,0.99,7.5,5.5,5,2.09277040141842e-13,0,2.09277040141842e-13,2.09277040141842e-13,NA
"374",0.745,0.99,7.5,5.5,5,3.33066907387547e-16,0,3.33066907387547e-16,3.33066907387547e-16,NA
"375",0.99,0.99,7.5,5.5,5,9.84539533543938e-06,0,9.84539533543938e-06,9.84539533543938e-06,NA
"376",0.01,0.01,0.01,7.75,5,0,0,0,0,NA
"377",0.255,0.01,0.01,7.75,5,3.42651332293498e-05,0,3.42651332293498e-05,3.42651332293498e-05,NA
"378",0.5,0.01,0.01,7.75,5,3.33066907387547e-16,0,3.33066907387547e-16,3.33066907387547e-16,NA
"379",0.745,0.01,0.01,7.75,5,0,0,0,0,NA
"380",0.99,0.01,0.01,7.75,5,0,0,0,0,NA
"381",0.01,0.255,0.01,7.75,5,0,0,0,0,NA
"382",0.255,0.255,0.01,7.75,5,3.42651332293498e-05,0,3.42651332293498e-05,3.42651332293498e-05,NA
"383",0.5,0.255,0.01,7.75,5,3.33066907387547e-16,0,3.33066907387547e-16,3.33066907387547e-16,NA
"384",0.745,0.255,0.01,7.75,5,0,0,0,0,NA
"385",0.99,0.255,0.01,7.75,5,0,0,0,0,NA
"386",0.01,0.5,0.01,7.75,5,0,0,0,0,NA
"387",0.255,0.5,0.01,7.75,5,3.42651332293498e-05,0,3.42651332293498e-05,3.42651332293498e-05,NA
"388",0.5,0.5,0.01,7.75,5,3.33066907387547e-16,0,3.33066907387547e-16,3.33066907387547e-16,NA
"389",0.745,0.5,0.01,7.75,5,0,0,0,0,NA
"390",0.99,0.5,0.01,7.75,5,0,0,0,0,NA
"391",0.01,0.745,0.01,7.75,5,0,0,0,0,NA
"392",0.255,0.745,0.01,7.75,5,3.42651332293498e-05,0,3.42651332293498e-05,3.42651332293498e-05,NA
"393",0.5,0.745,0.01,7.75,5,3.33066907387547e-16,0,3.33066907387547e-16,3.33066907387547e-16,NA
"394",0.745,0.745,0.01,7.75,5,0,0,0,0,NA
"395",0.99,0.745,0.01,7.75,5,0,0,0,0,NA
"396",0.01,0.99,0.01,7.75,5,0,0,0,0,NA
"397",0.255,0.99,0.01,7.75,5,3.42651332293498e-05,0,3.42651332293498e-05,3.42651332293498e-05,NA
"398",0.5,0.99,0.01,7.75,5,3.33066907387547e-16,0,3.33066907387547e-16,3.33066907387547e-16,NA
"399",0.745,0.99,0.01,7.75,5,0,0,0,0,NA
"400",0.99,0.99,0.01,7.75,5,0,0,0,0,NA
"401",0.01,0.01,1.8825,7.75,5,0,0,0,0,NA
"402",0.255,0.01,1.8825,7.75,5,3.42651332293498e-05,0,3.42651332293498e-05,3.42651332293498e-05,NA
"403",0.5,0.01,1.8825,7.75,5,3.33066907387547e-16,0,3.33066907387547e-16,3.33066907387547e-16,NA
"404",0.745,0.01,1.8825,7.75,5,1.5155654509158e-12,0,1.5155654509158e-12,1.5155654509158e-12,NA
"405",0.99,0.01,1.8825,7.75,5,0.000498530416967569,0,0.000498530416967569,0.000498530416967569,NA
"406",0.01,0.255,1.8825,7.75,5,0,0,0,0,NA
"407",0.255,0.255,1.8825,7.75,5,3.42651332290167e-05,0,3.42651332290167e-05,3.42651332290167e-05,NA
"408",0.5,0.255,1.8825,7.75,5,3.33066907387547e-16,0,3.33066907387547e-16,3.33066907387547e-16,NA
"409",0.745,0.255,1.8825,7.75,5,1.5155654509158e-12,0,1.5155654509158e-12,1.5155654509158e-12,NA
"410",0.99,0.255,1.8825,7.75,5,0.000498530416967125,0,0.000498530416967125,0.000498530416967125,NA
"411",0.01,0.5,1.8825,7.75,5,0,0,0,0,NA
"412",0.255,0.5,1.8825,7.75,5,3.42651332290167e-05,0,3.42651332290167e-05,3.42651332290167e-05,NA
"413",0.5,0.5,1.8825,7.75,5,3.33066907387547e-16,0,3.33066907387547e-16,3.33066907387547e-16,NA
"414",0.745,0.5,1.8825,7.75,5,1.5155654509158e-12,0,1.5155654509158e-12,1.5155654509158e-12,NA
"415",0.99,0.5,1.8825,7.75,5,0.000498530416967125,0,0.000498530416967125,0.000498530416967125,NA
"416",0.01,0.745,1.8825,7.75,5,0,0,0,0,NA
"417",0.255,0.745,1.8825,7.75,5,3.42651332290167e-05,0,3.42651332290167e-05,3.42651332290167e-05,NA
"418",0.5,0.745,1.8825,7.75,5,3.33066907387547e-16,0,3.33066907387547e-16,3.33066907387547e-16,NA
"419",0.745,0.745,1.8825,7.75,5,1.5155654509158e-12,0,1.5155654509158e-12,1.5155654509158e-12,NA
"420",0.99,0.745,1.8825,7.75,5,0.000498530416967569,0,0.000498530416967569,0.000498530416967569,NA
"421",0.01,0.99,1.8825,7.75,5,0,0,0,0,NA
"422",0.255,0.99,1.8825,7.75,5,3.42651332293498e-05,0,3.42651332293498e-05,3.42651332293498e-05,NA
"423",0.5,0.99,1.8825,7.75,5,0,0,0,0,NA
"424",0.745,0.99,1.8825,7.75,5,1.5155654509158e-12,0,1.5155654509158e-12,1.5155654509158e-12,NA
"425",0.99,0.99,1.8825,7.75,5,0.000498530416966347,0,0.000498530416966347,0.000498530416966347,NA
"426",0.01,0.01,3.755,7.75,5,0,0,0,0,NA
"427",0.255,0.01,3.755,7.75,5,3.42651332293498e-05,0,3.42651332293498e-05,3.42651332293498e-05,NA
"428",0.5,0.01,3.755,7.75,5,3.33066907387547e-16,0,3.33066907387547e-16,3.33066907387547e-16,NA
"429",0.745,0.01,3.755,7.75,5,1.5155654509158e-12,0,1.5155654509158e-12,1.5155654509158e-12,NA
"430",0.99,0.01,3.755,7.75,5,0.000498530416967569,0,0.000498530416967569,0.000498530416967569,NA
"431",0.01,0.255,3.755,7.75,5,0,0,0,0,NA
"432",0.255,0.255,3.755,7.75,5,3.42651332293498e-05,0,3.42651332293498e-05,3.42651332293498e-05,NA
"433",0.5,0.255,3.755,7.75,5,0,0,0,0,NA
"434",0.745,0.255,3.755,7.75,5,1.5155654509158e-12,0,1.5155654509158e-12,1.5155654509158e-12,NA
"435",0.99,0.255,3.755,7.75,5,0.000498530416967569,0,0.000498530416967569,0.000498530416967569,NA
"436",0.01,0.5,3.755,7.75,5,0,0,0,0,NA
"437",0.255,0.5,3.755,7.75,5,3.42651332290167e-05,0,3.42651332290167e-05,3.42651332290167e-05,NA
"438",0.5,0.5,3.755,7.75,5,0,0,0,0,NA
"439",0.745,0.5,3.755,7.75,5,1.5155654509158e-12,0,1.5155654509158e-12,1.5155654509158e-12,NA
"440",0.99,0.5,3.755,7.75,5,0.000498530416967569,0,0.000498530416967569,0.000498530416967569,NA
"441",0.01,0.745,3.755,7.75,5,0,0,0,0,NA
"442",0.255,0.745,3.755,7.75,5,3.42651332293498e-05,0,3.42651332293498e-05,3.42651332293498e-05,NA
"443",0.5,0.745,3.755,7.75,5,3.33066907387547e-16,0,3.33066907387547e-16,3.33066907387547e-16,NA
"444",0.745,0.745,3.755,7.75,5,1.5155654509158e-12,0,1.5155654509158e-12,1.5155654509158e-12,NA
"445",0.99,0.745,3.755,7.75,5,0.000498530416967569,0,0.000498530416967569,0.000498530416967569,NA
"446",0.01,0.99,3.755,7.75,5,0,0,0,0,NA
"447",0.255,0.99,3.755,7.75,5,3.42651332293498e-05,0,3.42651332293498e-05,3.42651332293498e-05,NA
"448",0.5,0.99,3.755,7.75,5,0,0,0,0,NA
"449",0.745,0.99,3.755,7.75,5,1.5155654509158e-12,0,1.5155654509158e-12,1.5155654509158e-12,NA
"450",0.99,0.99,3.755,7.75,5,0.000498530416966347,0,0.000498530416966347,0.000498530416966347,NA
"451",0.01,0.01,5.6275,7.75,5,0,0,0,0,NA
"452",0.255,0.01,5.6275,7.75,5,3.42651332293498e-05,0,3.42651332293498e-05,3.42651332293498e-05,NA
"453",0.5,0.01,5.6275,7.75,5,3.33066907387547e-16,0,3.33066907387547e-16,3.33066907387547e-16,NA
"454",0.745,0.01,5.6275,7.75,5,1.5155654509158e-12,0,1.5155654509158e-12,1.5155654509158e-12,NA
"455",0.99,0.01,5.6275,7.75,5,0.000498530416967569,0,0.000498530416967569,0.000498530416967569,NA
"456",0.01,0.255,5.6275,7.75,5,0,0,0,0,NA
"457",0.255,0.255,5.6275,7.75,5,3.42651332290167e-05,0,3.42651332290167e-05,3.42651332290167e-05,NA
"458",0.5,0.255,5.6275,7.75,5,0,0,0,0,NA
"459",0.745,0.255,5.6275,7.75,5,1.5155654509158e-12,0,1.5155654509158e-12,1.5155654509158e-12,NA
"460",0.99,0.255,5.6275,7.75,5,0.000498530416967569,0,0.000498530416967569,0.000498530416967569,NA
"461",0.01,0.5,5.6275,7.75,5,0,0,0,0,NA
"462",0.255,0.5,5.6275,7.75,5,3.42651332290167e-05,0,3.42651332290167e-05,3.42651332290167e-05,NA
"463",0.5,0.5,5.6275,7.75,5,0,0,0,0,NA
"464",0.745,0.5,5.6275,7.75,5,1.5155654509158e-12,0,1.5155654509158e-12,1.5155654509158e-12,NA
"465",0.99,0.5,5.6275,7.75,5,0.000498530416967125,0,0.000498530416967125,0.000498530416967125,NA
"466",0.01,0.745,5.6275,7.75,5,0,0,0,0,NA
"467",0.255,0.745,5.6275,7.75,5,3.42651332290167e-05,0,3.42651332290167e-05,3.42651332290167e-05,NA
"468",0.5,0.745,5.6275,7.75,5,3.33066907387547e-16,0,3.33066907387547e-16,3.33066907387547e-16,NA
"469",0.745,0.745,5.6275,7.75,5,1.5155654509158e-12,0,1.5155654509158e-12,1.5155654509158e-12,NA
"470",0.99,0.745,5.6275,7.75,5,0.000498530416967569,0,0.000498530416967569,0.000498530416967569,NA
"471",0.01,0.99,5.6275,7.75,5,0,0,0,0,NA
"472",0.255,0.99,5.6275,7.75,5,3.42651332293498e-05,0,3.42651332293498e-05,3.42651332293498e-05,NA
"473",0.5,0.99,5.6275,7.75,5,0,0,0,0,NA
"474",0.745,0.99,5.6275,7.75,5,1.5155654509158e-12,0,1.5155654509158e-12,1.5155654509158e-12,NA
"475",0.99,0.99,5.6275,7.75,5,0.000498530416966347,0,0.000498530416966347,0.000498530416966347,NA
"476",0.01,0.01,7.5,7.75,5,0,0,0,0,NA
"477",0.255,0.01,7.5,7.75,5,3.42651332293498e-05,0,3.42651332293498e-05,3.42651332293498e-05,NA
"478",0.5,0.01,7.5,7.75,5,3.33066907387547e-16,0,3.33066907387547e-16,3.33066907387547e-16,NA
"479",0.745,0.01,7.5,7.75,5,1.5155654509158e-12,0,1.5155654509158e-12,1.5155654509158e-12,NA
"480",0.99,0.01,7.5,7.75,5,0.000498530416967569,0,0.000498530416967569,0.000498530416967569,NA
"481",0.01,0.255,7.5,7.75,5,0,0,0,0,NA
"482",0.255,0.255,7.5,7.75,5,3.42651332290167e-05,0,3.42651332290167e-05,3.42651332290167e-05,NA
"483",0.5,0.255,7.5,7.75,5,0,0,0,0,NA
"484",0.745,0.255,7.5,7.75,5,1.5155654509158e-12,0,1.5155654509158e-12,1.5155654509158e-12,NA
"485",0.99,0.255,7.5,7.75,5,0.000498530416967569,0,0.000498530416967569,0.000498530416967569,NA
"486",0.01,0.5,7.5,7.75,5,0,0,0,0,NA
"487",0.255,0.5,7.5,7.75,5,3.42651332293498e-05,0,3.42651332293498e-05,3.42651332293498e-05,NA
"488",0.5,0.5,7.5,7.75,5,3.33066907387547e-16,0,3.33066907387547e-16,3.33066907387547e-16,NA
"489",0.745,0.5,7.5,7.75,5,1.5155654509158e-12,0,1.5155654509158e-12,1.5155654509158e-12,NA
"490",0.99,0.5,7.5,7.75,5,0.000498530416966347,0,0.000498530416966347,0.000498530416966347,NA
"491",0.01,0.745,7.5,7.75,5,0,0,0,0,NA
"492",0.255,0.745,7.5,7.75,5,3.42651332290167e-05,0,3.42651332290167e-05,3.42651332290167e-05,NA
"493",0.5,0.745,7.5,7.75,5,0,0,0,0,NA
"494",0.745,0.745,7.5,7.75,5,1.5155654509158e-12,0,1.5155654509158e-12,1.5155654509158e-12,NA
"495",0.99,0.745,7.5,7.75,5,0.000498530416967569,0,0.000498530416967569,0.000498530416967569,NA
"496",0.01,0.99,7.5,7.75,5,0,0,0,0,NA
"497",0.255,0.99,7.5,7.75,5,3.42651332293498e-05,0,3.42651332293498e-05,3.42651332293498e-05,NA
"498",0.5,0.99,7.5,7.75,5,0,0,0,0,NA
"499",0.745,0.99,7.5,7.75,5,1.5155654509158e-12,0,1.5155654509158e-12,1.5155654509158e-12,NA
"500",0.99,0.99,7.5,7.75,5,0.000498530416966347,0,0.000498530416966347,0.000498530416966347,NA
"501",0.01,0.01,0.01,10,5,0,0,0,0,NA
"502",0.255,0.01,0.01,10,5,1.84278332371335e-05,0,1.84278332371335e-05,1.84278332371335e-05,NA
"503",0.5,0.01,0.01,10,5,0,0,0,0,NA
"504",0.745,0.01,0.01,10,5,0,0,0,0,NA
"505",0.99,0.01,0.01,10,5,0,0,0,0,NA
"506",0.01,0.255,0.01,10,5,0,0,0,0,NA
"507",0.255,0.255,0.01,10,5,1.84278332371335e-05,0,1.84278332371335e-05,1.84278332371335e-05,NA
"508",0.5,0.255,0.01,10,5,0,0,0,0,NA
"509",0.745,0.255,0.01,10,5,0,0,0,0,NA
"510",0.99,0.255,0.01,10,5,0,0,0,0,NA
"511",0.01,0.5,0.01,10,5,0,0,0,0,NA
"512",0.255,0.5,0.01,10,5,1.84278332371335e-05,0,1.84278332371335e-05,1.84278332371335e-05,NA
"513",0.5,0.5,0.01,10,5,0,0,0,0,NA
"514",0.745,0.5,0.01,10,5,0,0,0,0,NA
"515",0.99,0.5,0.01,10,5,0,0,0,0,NA
"516",0.01,0.745,0.01,10,5,0,0,0,0,NA
"517",0.255,0.745,0.01,10,5,1.84278332371335e-05,0,1.84278332371335e-05,1.84278332371335e-05,NA
"518",0.5,0.745,0.01,10,5,0,0,0,0,NA
"519",0.745,0.745,0.01,10,5,0,0,0,0,NA
"520",0.99,0.745,0.01,10,5,0,0,0,0,NA
"521",0.01,0.99,0.01,10,5,0,0,0,0,NA
"522",0.255,0.99,0.01,10,5,1.84278332371335e-05,0,1.84278332371335e-05,1.84278332371335e-05,NA
"523",0.5,0.99,0.01,10,5,0,0,0,0,NA
"524",0.745,0.99,0.01,10,5,0,0,0,0,NA
"525",0.99,0.99,0.01,10,5,0,0,0,0,NA
"526",0.01,0.01,1.8825,10,5,0,0,0,0,NA
"527",0.255,0.01,1.8825,10,5,1.84278332371335e-05,0,1.84278332371335e-05,1.84278332371335e-05,NA
"528",0.5,0.01,1.8825,10,5,0,0,0,0,NA
"529",0.745,0.01,1.8825,10,5,6.64241994741133e-11,0,6.64241994741133e-11,6.64241994741133e-11,NA
"530",0.99,0.01,1.8825,10,5,0.00358646743524604,0,0.00358646743524604,0.00358646743524604,NA
"531",0.01,0.255,1.8825,10,5,0,0,0,0,NA
"532",0.255,0.255,1.8825,10,5,1.84278332371335e-05,0,1.84278332371335e-05,1.84278332371335e-05,NA
"533",0.5,0.255,1.8825,10,5,0,0,0,0,NA
"534",0.745,0.255,1.8825,10,5,6.64241994741133e-11,0,6.64241994741133e-11,6.64241994741133e-11,NA
"535",0.99,0.255,1.8825,10,5,0.00358646743524604,0,0.00358646743524604,0.00358646743524604,NA
"536",0.01,0.5,1.8825,10,5,0,0,0,0,NA
"537",0.255,0.5,1.8825,10,5,1.84278332371335e-05,0,1.84278332371335e-05,1.84278332371335e-05,NA
"538",0.5,0.5,1.8825,10,5,0,0,0,0,NA
"539",0.745,0.5,1.8825,10,5,6.64241994741133e-11,0,6.64241994741133e-11,6.64241994741133e-11,NA
"540",0.99,0.5,1.8825,10,5,0.00358646743524604,0,0.00358646743524604,0.00358646743524604,NA
"541",0.01,0.745,1.8825,10,5,0,0,0,0,NA
"542",0.255,0.745,1.8825,10,5,1.84278332371335e-05,0,1.84278332371335e-05,1.84278332371335e-05,NA
"543",0.5,0.745,1.8825,10,5,0,0,0,0,NA
"544",0.745,0.745,1.8825,10,5,6.64241994741133e-11,0,6.64241994741133e-11,6.64241994741133e-11,NA
"545",0.99,0.745,1.8825,10,5,0.00358646743524604,0,0.00358646743524604,0.00358646743524604,NA
"546",0.01,0.99,1.8825,10,5,0,0,0,0,NA
"547",0.255,0.99,1.8825,10,5,1.84278332371335e-05,0,1.84278332371335e-05,1.84278332371335e-05,NA
"548",0.5,0.99,1.8825,10,5,0,0,0,0,NA
"549",0.745,0.99,1.8825,10,5,6.64241994741133e-11,0,6.64241994741133e-11,6.64241994741133e-11,NA
"550",0.99,0.99,1.8825,10,5,0.00358646743524604,0,0.00358646743524604,0.00358646743524604,NA
"551",0.01,0.01,3.755,10,5,0,0,0,0,NA
"552",0.255,0.01,3.755,10,5,1.84278332371335e-05,0,1.84278332371335e-05,1.84278332371335e-05,NA
"553",0.5,0.01,3.755,10,5,0,0,0,0,NA
"554",0.745,0.01,3.755,10,5,6.64241994741133e-11,0,6.64241994741133e-11,6.64241994741133e-11,NA
"555",0.99,0.01,3.755,10,5,0.00358646743524604,0,0.00358646743524604,0.00358646743524604,NA
"556",0.01,0.255,3.755,10,5,0,0,0,0,NA
"557",0.255,0.255,3.755,10,5,1.84278332371335e-05,0,1.84278332371335e-05,1.84278332371335e-05,NA
"558",0.5,0.255,3.755,10,5,0,0,0,0,NA
"559",0.745,0.255,3.755,10,5,6.64241994741133e-11,0,6.64241994741133e-11,6.64241994741133e-11,NA
"560",0.99,0.255,3.755,10,5,0.00358646743524604,0,0.00358646743524604,0.00358646743524604,NA
"561",0.01,0.5,3.755,10,5,0,0,0,0,NA
"562",0.255,0.5,3.755,10,5,1.84278332371335e-05,0,1.84278332371335e-05,1.84278332371335e-05,NA
"563",0.5,0.5,3.755,10,5,0,0,0,0,NA
"564",0.745,0.5,3.755,10,5,6.64241994741133e-11,0,6.64241994741133e-11,6.64241994741133e-11,NA
"565",0.99,0.5,3.755,10,5,0.00358646743524604,0,0.00358646743524604,0.00358646743524604,NA
"566",0.01,0.745,3.755,10,5,0,0,0,0,NA
"567",0.255,0.745,3.755,10,5,1.84278332371335e-05,0,1.84278332371335e-05,1.84278332371335e-05,NA
"568",0.5,0.745,3.755,10,5,0,0,0,0,NA
"569",0.745,0.745,3.755,10,5,6.64241994741133e-11,0,6.64241994741133e-11,6.64241994741133e-11,NA
"570",0.99,0.745,3.755,10,5,0.00358646743524604,0,0.00358646743524604,0.00358646743524604,NA
"571",0.01,0.99,3.755,10,5,0,0,0,0,NA
"572",0.255,0.99,3.755,10,5,1.84278332371335e-05,0,1.84278332371335e-05,1.84278332371335e-05,NA
"573",0.5,0.99,3.755,10,5,0,0,0,0,NA
"574",0.745,0.99,3.755,10,5,6.64241994741133e-11,0,6.64241994741133e-11,6.64241994741133e-11,NA
"575",0.99,0.99,3.755,10,5,0.00358646743524604,0,0.00358646743524604,0.00358646743524604,NA
"576",0.01,0.01,5.6275,10,5,0,0,0,0,NA
"577",0.255,0.01,5.6275,10,5,1.84278332371335e-05,0,1.84278332371335e-05,1.84278332371335e-05,NA
"578",0.5,0.01,5.6275,10,5,0,0,0,0,NA
"579",0.745,0.01,5.6275,10,5,6.64241994741133e-11,0,6.64241994741133e-11,6.64241994741133e-11,NA
"580",0.99,0.01,5.6275,10,5,0.00358646743524604,0,0.00358646743524604,0.00358646743524604,NA
"581",0.01,0.255,5.6275,10,5,0,0,0,0,NA
"582",0.255,0.255,5.6275,10,5,1.84278332371335e-05,0,1.84278332371335e-05,1.84278332371335e-05,NA
"583",0.5,0.255,5.6275,10,5,0,0,0,0,NA
"584",0.745,0.255,5.6275,10,5,6.64241994741133e-11,0,6.64241994741133e-11,6.64241994741133e-11,NA
"585",0.99,0.255,5.6275,10,5,0.00358646743524604,0,0.00358646743524604,0.00358646743524604,NA
"586",0.01,0.5,5.6275,10,5,0,0,0,0,NA
"587",0.255,0.5,5.6275,10,5,1.84278332371335e-05,0,1.84278332371335e-05,1.84278332371335e-05,NA
"588",0.5,0.5,5.6275,10,5,0,0,0,0,NA
"589",0.745,0.5,5.6275,10,5,6.64241994741133e-11,0,6.64241994741133e-11,6.64241994741133e-11,NA
"590",0.99,0.5,5.6275,10,5,0.00358646743524604,0,0.00358646743524604,0.00358646743524604,NA
"591",0.01,0.745,5.6275,10,5,0,0,0,0,NA
"592",0.255,0.745,5.6275,10,5,1.84278332371335e-05,0,1.84278332371335e-05,1.84278332371335e-05,NA
"593",0.5,0.745,5.6275,10,5,0,0,0,0,NA
"594",0.745,0.745,5.6275,10,5,6.64241994741133e-11,0,6.64241994741133e-11,6.64241994741133e-11,NA
"595",0.99,0.745,5.6275,10,5,0.00358646743524604,0,0.00358646743524604,0.00358646743524604,NA
"596",0.01,0.99,5.6275,10,5,0,0,0,0,NA
"597",0.255,0.99,5.6275,10,5,1.84278332371335e-05,0,1.84278332371335e-05,1.84278332371335e-05,NA
"598",0.5,0.99,5.6275,10,5,0,0,0,0,NA
"599",0.745,0.99,5.6275,10,5,6.64241994741133e-11,0,6.64241994741133e-11,6.64241994741133e-11,NA
"600",0.99,0.99,5.6275,10,5,0.00358646743524604,0,0.00358646743524604,0.00358646743524604,NA
"601",0.01,0.01,7.5,10,5,0,0,0,0,NA
"602",0.255,0.01,7.5,10,5,1.84278332371335e-05,0,1.84278332371335e-05,1.84278332371335e-05,NA
"603",0.5,0.01,7.5,10,5,0,0,0,0,NA
"604",0.745,0.01,7.5,10,5,6.64241994741133e-11,0,6.64241994741133e-11,6.64241994741133e-11,NA
"605",0.99,0.01,7.5,10,5,0.00358646743524604,0,0.00358646743524604,0.00358646743524604,NA
"606",0.01,0.255,7.5,10,5,0,0,0,0,NA
"607",0.255,0.255,7.5,10,5,1.84278332371335e-05,0,1.84278332371335e-05,1.84278332371335e-05,NA
"608",0.5,0.255,7.5,10,5,0,0,0,0,NA
"609",0.745,0.255,7.5,10,5,6.64241994741133e-11,0,6.64241994741133e-11,6.64241994741133e-11,NA
"610",0.99,0.255,7.5,10,5,0.00358646743524604,0,0.00358646743524604,0.00358646743524604,NA
"611",0.01,0.5,7.5,10,5,0,0,0,0,NA
"612",0.255,0.5,7.5,10,5,1.84278332371335e-05,0,1.84278332371335e-05,1.84278332371335e-05,NA
"613",0.5,0.5,7.5,10,5,0,0,0,0,NA
"614",0.745,0.5,7.5,10,5,6.64241994741133e-11,0,6.64241994741133e-11,6.64241994741133e-11,NA
"615",0.99,0.5,7.5,10,5,0.00358646743524715,0,0.00358646743524715,0.00358646743524715,NA
"616",0.01,0.745,7.5,10,5,0,0,0,0,NA
"617",0.255,0.745,7.5,10,5,1.84278332371335e-05,0,1.84278332371335e-05,1.84278332371335e-05,NA
"618",0.5,0.745,7.5,10,5,0,0,0,0,NA
"619",0.745,0.745,7.5,10,5,6.64241994741133e-11,0,6.64241994741133e-11,6.64241994741133e-11,NA
"620",0.99,0.745,7.5,10,5,0.00358646743524604,0,0.00358646743524604,0.00358646743524604,NA
"621",0.01,0.99,7.5,10,5,0,0,0,0,NA
"622",0.255,0.99,7.5,10,5,1.84278332371335e-05,0,1.84278332371335e-05,1.84278332371335e-05,NA
"623",0.5,0.99,7.5,10,5,0,0,0,0,NA
"624",0.745,0.99,7.5,10,5,6.64241994741133e-11,0,6.64241994741133e-11,6.64241994741133e-11,NA
"625",0.99,0.99,7.5,10,5,0.00358646743524604,0,0.00358646743524604,0.00358646743524604,NA
