"","lambda","mu","rho","phi","a0","m","s","l_conf","u_conf","t_stat"
"1",0.01,0.01,0.01,5,0.5,3.92008320471149e-07,0,3.92008320471149e-07,3.92008320471149e-07,NA
"2",0.255,0.01,0.01,5,0.5,0.00122860253133505,0,0.00122860253133505,0.00122860253133505,NA
"3",0.5,0.01,0.01,5,0.5,0.00204451204056788,0,0.00204451204056788,0.00204451204056788,NA
"4",0.745,0.01,0.01,5,0.5,0.0017967877353573,0,0.0017967877353573,0.0017967877353573,NA
"5",0.99,0.01,0.01,5,0.5,0.00131830712659964,0,0.00131830712659964,0.00131830712659964,NA
"6",0.01,0.255,0.01,5,0.5,1.00439176236033e-05,0,1.00439176236033e-05,1.00439176236033e-05,NA
"7",0.255,0.255,0.01,5,0.5,0.0321507121795972,0,0.0321507121795972,0.0321507121795972,NA
"8",0.5,0.255,0.01,5,0.5,0.0524423888271639,0,0.0524423888271639,0.0524423888271639,NA
"9",0.745,0.255,0.01,5,0.5,0.0455606364225754,0,0.0455606364225754,0.0455606364225754,NA
"10",0.99,0.255,0.01,5,0.5,0.0333141752807617,0,0.0333141752807617,0.0333141752807617,NA
"11",0.01,0.5,0.01,5,0.5,1.97877743897124e-05,0,1.97877743897124e-05,1.97877743897124e-05,NA
"12",0.255,0.5,0.01,5,0.5,0.0645562033705305,0,0.0645562033705305,0.0645562033705305,NA
"13",0.5,0.5,0.01,5,0.5,0.103234962462743,0,0.103234962462743,0.103234962462743,NA
"14",0.745,0.5,0.01,5,0.5,0.0887570630193131,0,0.0887570630193131,0.0887570630193131,NA
"15",0.99,0.5,0.01,5,0.5,0.0647203354462484,0,0.0647203354462484,0.0647203354462484,NA
"16",0.01,0.745,0.01,5,0.5,2.96239882786598e-05,0,2.96239882786598e-05,2.96239882786598e-05,NA
"17",0.255,0.745,0.01,5,0.5,0.0983104037638245,0,0.0983104037638245,0.0983104037638245,NA
"18",0.5,0.745,0.01,5,0.5,0.154176091815271,0,0.154176091815271,0.154176091815271,NA
"19",0.745,0.745,0.01,5,0.5,0.131305357012063,0,0.131305357012063,0.131305357012063,NA
"20",0.99,0.745,0.01,5,0.5,0.095532258637278,0,0.095532258637278,0.095532258637278,NA
"21",0.01,0.99,0.01,5,0.5,3.95529699765973e-05,0,3.95529699765973e-05,3.95529699765973e-05,NA
"22",0.255,0.99,0.01,5,0.5,0.133285068238284,0,0.133285068238284,0.133285068238284,NA
"23",0.5,0.99,0.01,5,0.5,0.205066205082189,0,0.205066205082189,0.205066205082189,NA
"24",0.745,0.99,0.01,5,0.5,0.173151327678813,0,0.173151327678813,0.173151327678813,NA
"25",0.99,0.99,0.01,5,0.5,0.12575236138584,0,0.12575236138584,0.12575236138584,NA
"26",0.01,0.01,1.8825,5,0.5,0.000110508184311575,0,0.000110508184311575,0.000110508184311575,NA
"27",0.255,0.01,1.8825,5,0.5,0.28157446765416,0,0.28157446765416,0.28157446765416,NA
"28",0.5,0.01,1.8825,5,0.5,0.329778559758033,0,0.329778559758033,0.329778559758033,NA
"29",0.745,0.01,1.8825,5,0.5,0.337947020350085,0,0.337947020350085,0.337947020350085,NA
"30",0.99,0.01,1.8825,5,0.5,0.342803948748044,0,0.342803948748044,0.342803948748044,NA
"31",0.01,0.255,1.8825,5,0.5,0.00588179064835281,0,0.00588179064835281,0.00588179064835281,NA
"32",0.255,0.255,1.8825,5,0.5,2.63367010260052,0,2.63367010260052,2.63367010260052,NA
"33",0.5,0.255,1.8825,5,0.5,3.13794072858281,0,3.13794072858281,3.13794072858281,NA
"34",0.745,0.255,1.8825,5,0.5,3.35495608622893,0,3.35495608622893,3.35495608622893,NA
"35",0.99,0.255,1.8825,5,0.5,3.59901192337523,0,3.59901192337523,3.59901192337523,NA
"36",0.01,0.5,1.8825,5,0.5,0.0183377519084738,0,0.0183377519084738,0.0183377519084738,NA
"37",0.255,0.5,1.8825,5,0.5,2.4190405778814,0,2.4190405778814,2.4190405778814,NA
"38",0.5,0.5,1.8825,5,0.5,3.22854818708256,0,3.22854818708256,3.22854818708256,NA
"39",0.745,0.5,1.8825,5,0.5,3.42780039492395,0,3.42780039492395,3.42780039492395,NA
"40",0.99,0.5,1.8825,5,0.5,3.57705016437045,0,3.57705016437045,3.57705016437045,NA
"41",0.01,0.745,1.8825,5,0.5,0.035519323387162,0,0.035519323387162,0.035519323387162,NA
"42",0.255,0.745,1.8825,5,0.5,2.01554242430109,0,2.01554242430109,2.01554242430109,NA
"43",0.5,0.745,1.8825,5,0.5,3.16038891257516,0,3.16038891257516,3.16038891257516,NA
"44",0.745,0.745,1.8825,5,0.5,3.22579507651189,0,3.22579507651189,3.22579507651189,NA
"45",0.99,0.745,1.8825,5,0.5,3.55827621547798,0,3.55827621547798,3.55827621547798,NA
"46",0.01,0.99,1.8825,5,0.5,0.0573432846066926,0,0.0573432846066926,0.0573432846066926,NA
"47",0.255,0.99,1.8825,5,0.5,1.82371829389799,0,1.82371829389799,1.82371829389799,NA
"48",0.5,0.99,1.8825,5,0.5,3.09252147451893,0,3.09252147451893,3.09252147451893,NA
"49",0.745,0.99,1.8825,5,0.5,3.03172291996604,0,3.03172291996604,3.03172291996604,NA
"50",0.99,0.99,1.8825,5,0.5,3.53149714829693,0,3.53149714829693,3.53149714829693,NA
"51",0.01,0.01,3.755,5,0.5,0.000327648140422188,0,0.000327648140422188,0.000327648140422188,NA
"52",0.255,0.01,3.755,5,0.5,0.248572413778821,0,0.248572413778821,0.248572413778821,NA
"53",0.5,0.01,3.755,5,0.5,0.25254492323632,0,0.25254492323632,0.25254492323632,NA
"54",0.745,0.01,3.755,5,0.5,0.298818630188427,0,0.298818630188427,0.298818630188427,NA
"55",0.99,0.01,3.755,5,0.5,0.339057877371482,0,0.339057877371482,0.339057877371482,NA
"56",0.01,0.255,3.755,5,0.5,0.0225726731587899,0,0.0225726731587899,0.0225726731587899,NA
"57",0.255,0.255,3.755,5,0.5,1.68637959314434,0,1.68637959314434,1.68637959314434,NA
"58",0.5,0.255,3.755,5,0.5,2.70847650015174,0,2.70847650015174,2.70847650015174,NA
"59",0.745,0.255,3.755,5,0.5,3.27708343061036,0,3.27708343061036,3.27708343061036,NA
"60",0.99,0.255,3.755,5,0.5,2.85405988294661,0,2.85405988294661,2.85405988294661,NA
"61",0.01,0.5,3.755,5,0.5,0.0421120291713837,0,0.0421120291713837,0.0421120291713837,NA
"62",0.255,0.5,3.755,5,0.5,1.53118205192236,0,1.53118205192236,1.53118205192236,NA
"63",0.5,0.5,3.755,5,0.5,2.85454532841418,0,2.85454532841418,2.85454532841418,NA
"64",0.745,0.5,3.755,5,0.5,3.51730239407786,0,3.51730239407786,3.51730239407786,NA
"65",0.99,0.5,3.755,5,0.5,3.37084005609449,0,3.37084005609449,3.37084005609449,NA
"66",0.01,0.745,3.755,5,0.5,0.0240128083322275,0,0.0240128083322275,0.0240128083322275,NA
"67",0.255,0.745,3.755,5,0.5,1.4655563336569,0,1.4655563336569,1.4655563336569,NA
"68",0.5,0.745,3.755,5,0.5,2.70998004817494,0,2.70998004817494,2.70998004817494,NA
"69",0.745,0.745,3.755,5,0.5,3.50245496238222,0,3.50245496238222,3.50245496238222,NA
"70",0.99,0.745,3.755,5,0.5,3.8013515858535,0,3.8013515858535,3.8013515858535,NA
"71",0.01,0.99,3.755,5,0.5,0.00432030861379418,0,0.00432030861379418,0.00432030861379418,NA
"72",0.255,0.99,3.755,5,0.5,1.45457987842834,0,1.45457987842834,1.45457987842834,NA
"73",0.5,0.99,3.755,5,0.5,2.58434821872098,0,2.58434821872098,2.58434821872098,NA
"74",0.745,0.99,3.755,5,0.5,2.04984018674416,0,2.04984018674416,2.04984018674416,NA
"75",0.99,0.99,3.755,5,0.5,3.5575962280033,0,3.5575962280033,3.5575962280033,NA
"76",0.01,0.01,5.6275,5,0.5,0.000707423712343669,0,0.000707423712343669,0.000707423712343669,NA
"77",0.255,0.01,5.6275,5,0.5,0.186097561165141,0,0.186097561165141,0.186097561165141,NA
"78",0.5,0.01,5.6275,5,0.5,0.252318941939111,0,0.252318941939111,0.252318941939111,NA
"79",0.745,0.01,5.6275,5,0.5,0.298818067127896,0,0.298818067127896,0.298818067127896,NA
"80",0.99,0.01,5.6275,5,0.5,0.339057877371482,0,0.339057877371482,0.339057877371482,NA
"81",0.01,0.255,5.6275,5,0.5,0.0414798209624783,0,0.0414798209624783,0.0414798209624783,NA
"82",0.255,0.255,5.6275,5,0.5,1.44881712553217,0,1.44881712553217,1.44881712553217,NA
"83",0.5,0.255,5.6275,5,0.5,2.24645551821169,0,2.24645551821169,2.24645551821169,NA
"84",0.745,0.255,5.6275,5,0.5,3.03680635949149,0,3.03680635949149,3.03680635949149,NA
"85",0.99,0.255,5.6275,5,0.5,3.29948487733443,0,3.29948487733443,3.29948487733443,NA
"86",0.01,0.5,5.6275,5,0.5,0.0177188914728046,0,0.0177188914728046,0.0177188914728046,NA
"87",0.255,0.5,5.6275,5,0.5,1.27413482730835,0,1.27413482730835,1.27413482730835,NA
"88",0.5,0.5,5.6275,5,0.5,2.41184069071163,0,2.41184069071163,2.41184069071163,NA
"89",0.745,0.5,5.6275,5,0.5,3.43440555300345,0,3.43440555300345,3.43440555300345,NA
"90",0.99,0.5,5.6275,5,0.5,1.98908833846095,0,1.98908833846095,1.98908833846095,NA
"91",0.01,0.745,5.6275,5,0.5,0.00171012778107937,0,0.00171012778107937,0.00171012778107937,NA
"92",0.255,0.745,5.6275,5,0.5,1.21887711643581,0,1.21887711643581,1.21887711643581,NA
"93",0.5,0.745,5.6275,5,0.5,2.3028619299375,0,2.3028619299375,2.3028619299375,NA
"94",0.745,0.745,5.6275,5,0.5,2.66223836791935,0,2.66223836791935,2.66223836791935,NA
"95",0.99,0.745,5.6275,5,0.5,3.87322304781179,0,3.87322304781179,3.87322304781179,NA
"96",0.01,0.99,5.6275,5,0.5,8.69370510470091e-07,0,8.69370510470091e-07,8.69370510470091e-07,NA
"97",0.255,0.99,5.6275,5,0.5,1.2114518364135,0,1.2114518364135,1.2114518364135,NA
"98",0.5,0.99,5.6275,5,0.5,2.22112093320507,0,2.22112093320507,2.22112093320507,NA
"99",0.745,0.99,5.6275,5,0.5,3.42109285513219,0,3.42109285513219,3.42109285513219,NA
"100",0.99,0.99,5.6275,5,0.5,0.529986355785581,0,0.529986355785581,0.529986355785581,NA
"101",0.01,0.01,7.5,5,0.5,0.00119171712418109,0,0.00119171712418109,0.00119171712418109,NA
"102",0.255,0.01,7.5,5,0.5,0.179697902839498,0,0.179697902839498,0.179697902839498,NA
"103",0.5,0.01,7.5,5,0.5,0.252092929958135,0,0.252092929958135,0.252092929958135,NA
"104",0.745,0.01,7.5,5,0.5,0.298817504067588,0,0.298817504067588,0.298817504067588,NA
"105",0.99,0.01,7.5,5,0.5,0.339057877371482,0,0.339057877371482,0.339057877371482,NA
"106",0.01,0.255,7.5,5,0.5,0.0330200319843534,0,0.0330200319843534,0.0330200319843534,NA
"107",0.255,0.255,7.5,5,0.5,1.44457171797303,0,1.44457171797303,1.44457171797303,NA
"108",0.5,0.255,7.5,5,0.5,2.24637328809562,0,2.24637328809562,2.24637328809562,NA
"109",0.745,0.255,7.5,5,0.5,2.83378796872123,0,2.83378796872123,2.83378796872123,NA
"110",0.99,0.255,7.5,5,0.5,3.07956299614344,0,3.07956299614344,3.07956299614344,NA
"111",0.01,0.5,7.5,5,0.5,0.00319885602287062,0,0.00319885602287062,0.00319885602287062,NA
"112",0.255,0.5,7.5,5,0.5,1.26867526955425,0,1.26867526955425,1.26867526955425,NA
"113",0.5,0.5,7.5,5,0.5,2.24487214362313,0,2.24487214362313,2.24487214362313,NA
"114",0.745,0.5,7.5,5,0.5,3.31005768001696,0,3.31005768001696,3.31005768001696,NA
"115",0.99,0.5,7.5,5,0.5,2.6222294193144,0,2.6222294193144,2.6222294193144,NA
"116",0.01,0.745,7.5,5,0.5,0.000486526936368303,0,0.000486526936368303,0.000486526936368303,NA
"117",0.255,0.745,7.5,5,0.5,1.21335263951067,0,1.21335263951067,1.21335263951067,NA
"118",0.5,0.745,7.5,5,0.5,2.21966964306081,0,2.21966964306081,2.21966964306081,NA
"119",0.745,0.745,7.5,5,0.5,2.82463610383416,0,2.82463610383416,2.82463610383416,NA
"120",0.99,0.745,7.5,5,0.5,1.33650229808204,0,1.33650229808204,1.33650229808204,NA
"121",0.01,0.99,7.5,5,0.5,7.58850049464854e-09,0,7.58850049464854e-09,7.58850049464854e-09,NA
"122",0.255,0.99,7.5,5,0.5,1.20413677950589,0,1.20413677950589,1.20413677950589,NA
"123",0.5,0.99,7.5,5,0.5,2.21838927554447,0,2.21838927554447,2.21838927554447,NA
"124",0.745,0.99,7.5,5,0.5,3.35169118522518,0,3.35169118522518,3.35169118522518,NA
"125",0.99,0.99,7.5,5,0.5,3.1338939819157,0,3.1338939819157,3.1338939819157,NA
