"","lambda","mu","p","phi","m","s","l_conf","u_conf","t_stat"
"1",0.01,0.01,1,5,0.000326190859120334,0,0.000326190859120334,0.000326190859120334,NA
"2",0.255,0.01,1,5,0.0336472962783738,0,0.0336472962783738,0.0336472962783738,NA
"3",0.5,0.01,1,5,0.0384892672471542,0,0.0384892672471542,0.0384892672471542,NA
"4",0.745,0.01,1,5,0.0342989579001589,0,0.0342989579001589,0.0342989579001589,NA
"5",0.99,0.01,1,5,0.0285832688286256,0,0.0285832688286256,0.0285832688286256,NA
"6",0.01,0.255,1,5,0.00863700655754895,0,0.00863700655754895,0.00863700655754895,NA
"7",0.255,0.255,1,5,0.92706074508521,0,0.92706074508521,0.92706074508521,NA
"8",0.5,0.255,1,5,1.01506500206236,0,1.01506500206236,1.01506500206236,NA
"9",0.745,0.255,1,5,0.894657252481718,0,0.894657252481718,0.894657252481718,NA
"10",0.99,0.255,1,5,0.739297321203375,0,0.739297321203375,0.739297321203375,NA
"11",0.01,0.5,1,5,0.0175909237205292,0,0.0175909237205292,0.0175909237205292,NA
"12",0.255,0.5,1,5,1.85745625792506,0,1.85745625792506,1.85745625792506,NA
"13",0.5,0.5,1,5,1.94165830681033,0,1.94165830681033,1.94165830681033,NA
"14",0.745,0.5,1,5,1.71775692612741,0,1.71775692612741,1.71775692612741,NA
"15",0.99,0.5,1,5,1.42874548988399,0,1.42874548988399,1.42874548988399,NA
"16",0.01,0.745,1,5,0.0272386104362581,0,0.0272386104362581,0.0272386104362581,NA
"17",0.255,0.745,1,5,2.6732531970751,0,2.6732531970751,2.6732531970751,NA
"18",0.5,0.745,1,5,2.68454649705915,0,2.68454649705915,2.68454649705915,NA
"19",0.745,0.745,1,5,2.41140352714893,0,2.41140352714893,2.41140352714893,NA
"20",0.99,0.745,1,5,2.04350276276687,0,2.04350276276687,2.04350276276687,NA
"21",0.01,0.99,1,5,0.0376407845901141,0,0.0376407845901141,0.0376407845901141,NA
"22",0.255,0.99,1,5,3.27678348455884,0,3.27678348455884,3.27678348455884,NA
"23",0.5,0.99,1,5,3.20267149000111,0,3.20267149000111,3.20267149000111,NA
"24",0.745,0.99,1,5,2.93573810162777,0,2.93573810162777,2.93573810162777,NA
"25",0.99,0.99,1,5,2.55145881955075,0,2.55145881955075,2.55145881955075,NA
"26",0.01,0.01,3.25,5,0.00206025263328491,0,0.00206025263328491,0.00206025263328491,NA
"27",0.255,0.01,3.25,5,0.0233656136712412,0,0.0233656136712412,0.0233656136712412,NA
"28",0.5,0.01,3.25,5,0.011826686927974,0,0.011826686927974,0.011826686927974,NA
"29",0.745,0.01,3.25,5,0.00795294525711898,0,0.00795294525711898,0.00795294525711898,NA
"30",0.99,0.01,3.25,5,0.00599527864679117,0,0.00599527864679117,0.00599527864679117,NA
"31",0.01,0.255,3.25,5,0.048800826190893,0,0.048800826190893,0.048800826190893,NA
"32",0.255,0.255,3.25,5,0.463284548237724,0,0.463284548237724,0.463284548237724,NA
"33",0.5,0.255,3.25,5,0.262208544571754,0,0.262208544571754,0.262208544571754,NA
"34",0.745,0.255,3.25,5,0.189314175528557,0,0.189314175528557,0.189314175528557,NA
"35",0.99,0.255,3.25,5,0.151329784741734,0,0.151329784741734,0.151329784741734,NA
"36",0.01,0.5,3.25,5,0.0877154770220603,0,0.0877154770220603,0.0877154770220603,NA
"37",0.255,0.5,3.25,5,0.735004757748104,0,0.735004757748104,0.735004757748104,NA
"38",0.5,0.5,3.25,5,0.455059954983424,0,0.455059954983424,0.455059954983424,NA
"39",0.745,0.5,3.25,5,0.350277524745411,0,0.350277524745411,0.350277524745411,NA
"40",0.99,0.5,3.25,5,0.296507941902084,0,0.296507941902084,0.296507941902084,NA
"41",0.01,0.745,3.25,5,0.119060171579022,0,0.119060171579022,0.119060171579022,NA
"42",0.255,0.745,3.25,5,0.915465722837805,0,0.915465722837805,0.915465722837805,NA
"43",0.5,0.745,3.25,5,0.608402909551262,0,0.608402909551262,0.608402909551262,NA
"44",0.745,0.745,3.25,5,0.497131576642004,0,0.497131576642004,0.497131576642004,NA
"45",0.99,0.745,3.25,5,0.445371113179028,0,0.445371113179028,0.445371113179028,NA
"46",0.01,0.99,3.25,5,0.143876048641764,0,0.143876048641764,0.143876048641764,NA
"47",0.255,0.99,3.25,5,1.0448859286339,0,1.0448859286339,1.0448859286339,NA
"48",0.5,0.99,3.25,5,0.733780035542685,0,0.733780035542685,0.733780035542685,NA
"49",0.745,0.99,3.25,5,0.63461295235818,0,0.63461295235818,0.63461295235818,NA
"50",0.99,0.99,3.25,5,0.601458401852045,0,0.601458401852045,0.601458401852045,NA
"51",0.01,0.01,5.5,5,0.00259856837550698,0,0.00259856837550698,0.00259856837550698,NA
"52",0.255,0.01,5.5,5,0.0159434178459659,0,0.0159434178459659,0.0159434178459659,NA
"53",0.5,0.01,5.5,5,0.00670820296389585,0,0.00670820296389585,0.00670820296389585,NA
"54",0.745,0.01,5.5,5,0.00450123911798128,0,0.00450123911798128,0.00450123911798128,NA
"55",0.99,0.01,5.5,5,0.00331231381684804,0,0.00331231381684804,0.00331231381684804,NA
"56",0.01,0.255,5.5,5,0.0514062372689867,0,0.0514062372689867,0.0514062372689867,NA
"57",0.255,0.255,5.5,5,0.274376452525814,0,0.274376452525814,0.274376452525814,NA
"58",0.5,0.255,5.5,5,0.145419474876681,0,0.145419474876681,0.145419474876681,NA
"59",0.745,0.255,5.5,5,0.112174315680871,0,0.112174315680871,0.112174315680871,NA
"60",0.99,0.255,5.5,5,0.101294301523272,0,0.101294301523272,0.101294301523272,NA
"61",0.01,0.5,5.5,5,0.0781048581494503,0,0.0781048581494503,0.0781048581494503,NA
"62",0.255,0.5,5.5,5,0.393527306724932,0,0.393527306724932,0.393527306724932,NA
"63",0.5,0.5,5.5,5,0.247905549895559,0,0.247905549895559,0.247905549895559,NA
"64",0.745,0.5,5.5,5,0.218211171077392,0,0.218211171077392,0.218211171077392,NA
"65",0.99,0.5,5.5,5,0.231310309028992,0,0.231310309028992,0.231310309028992,NA
"66",0.01,0.745,5.5,5,0.0916073197698914,0,0.0916073197698914,0.0916073197698914,NA
"67",0.255,0.745,5.5,5,0.458838999600408,0,0.458838999600408,0.458838999600408,NA
"68",0.5,0.745,5.5,5,0.326594473533045,0,0.326594473533045,0.326594473533045,NA
"69",0.745,0.745,5.5,5,0.326682032019834,0,0.326682032019834,0.326682032019834,NA
"70",0.99,0.745,5.5,5,0.395320948053489,0,0.395320948053489,0.395320948053489,NA
"71",0.01,0.99,5.5,5,0.0975427265785089,0,0.0975427265785089,0.0975427265785089,NA
"72",0.255,0.99,5.5,5,0.506040707381806,0,0.506040707381806,0.506040707381806,NA
"73",0.5,0.99,5.5,5,0.389065514477357,0,0.389065514477357,0.389065514477357,NA
"74",0.745,0.99,5.5,5,0.440743729065701,0,0.440743729065701,0.440743729065701,NA
"75",0.99,0.99,5.5,5,0.598704506123214,0,0.598704506123214,0.598704506123214,NA
"76",0.01,0.01,7.75,5,0.00284827250434994,0,0.00284827250434994,0.00284827250434994,NA
"77",0.255,0.01,7.75,5,0.0126451504046277,0,0.0126451504046277,0.0126451504046277,NA
"78",0.5,0.01,7.75,5,0.00468628767061596,0,0.00468628767061596,0.00468628767061596,NA
"79",0.745,0.01,7.75,5,0.00314367343935151,0,0.00314367343935151,0.00314367343935151,NA
"80",0.99,0.01,7.75,5,0.00215212011761245,0,0.00215212011761245,0.00215212011761245,NA
"81",0.01,0.255,7.75,5,0.0470886073713537,0,0.0470886073713537,0.0470886073713537,NA
"82",0.255,0.255,7.75,5,0.195356683455264,0,0.195356683455264,0.195356683455264,NA
"83",0.5,0.255,7.75,5,0.100770022798776,0,0.100770022798776,0.100770022798776,NA
"84",0.745,0.255,7.75,5,0.0834840593712409,0,0.0834840593712409,0.0834840593712409,NA
"85",0.99,0.255,7.75,5,0.087839231035086,0,0.087839231035086,0.087839231035086,NA
"86",0.01,0.5,7.75,5,0.0618271360472789,0,0.0618271360472789,0.0618271360472789,NA
"87",0.255,0.5,7.75,5,0.262536090648368,0,0.262536090648368,0.262536090648368,NA
"88",0.5,0.5,7.75,5,0.170620785566634,0,0.170620785566634,0.170620785566634,NA
"89",0.745,0.5,7.75,5,0.171439513932424,0,0.171439513932424,0.171439513932424,NA
"90",0.99,0.5,7.75,5,0.234973353628343,0,0.234973353628343,0.234973353628343,NA
"91",0.01,0.745,7.75,5,0.0644385427599494,0,0.0644385427599494,0.0644385427599494,NA
"92",0.255,0.745,7.75,5,0.299963522091488,0,0.299963522091488,0.299963522091488,NA
"93",0.5,0.745,7.75,5,0.22339086821994,0,0.22339086821994,0.22339086821994,NA
"94",0.745,0.745,7.75,5,0.268732382775729,0,0.268732382775729,0.268732382775729,NA
"95",0.99,0.745,7.75,5,0.445664616725318,0,0.445664616725318,0.445664616725318,NA
"96",0.01,0.99,7.75,5,0.0621382330128277,0,0.0621382330128277,0.0621382330128277,NA
"97",0.255,0.99,7.75,5,0.335345915945775,0,0.335345915945775,0.335345915945775,NA
"98",0.5,0.99,7.75,5,0.264486428000822,0,0.264486428000822,0.264486428000822,NA
"99",0.745,0.99,7.75,5,0.376685132300708,0,0.376685132300708,0.376685132300708,NA
"100",0.99,0.99,7.75,5,0.730855092150813,0,0.730855092150813,0.730855092150813,NA
"101",0.01,0.01,10,5,0.00298426489918224,0,0.00298426489918224,0.00298426489918224,NA
"102",0.255,0.01,10,5,0.0108047764079036,0,0.0108047764079036,0.0108047764079036,NA
"103",0.5,0.01,10,5,0.00360567509704546,0,0.00360567509704546,0.00360567509704546,NA
"104",0.745,0.01,10,5,0.00241853406456127,0,0.00241853406456127,0.00241853406456127,NA
"105",0.99,0.01,10,5,0.00150331350622879,0,0.00150331350622879,0.00150331350622879,NA
"106",0.01,0.255,10,5,0.0415152767296616,0,0.0415152767296616,0.0415152767296616,NA
"107",0.255,0.255,10,5,0.151841160835064,0,0.151841160835064,0.151841160835064,NA
"108",0.5,0.255,10,5,0.0772061285869352,0,0.0772061285869352,0.0772061285869352,NA
"109",0.745,0.255,10,5,0.0686194062851573,0,0.0686194062851573,0.0686194062851573,NA
"110",0.99,0.255,10,5,0.0855911927123181,0,0.0855911927123181,0.0855911927123181,NA
"111",0.01,0.5,10,5,0.0479429840302545,0,0.0479429840302545,0.0479429840302545,NA
"112",0.255,0.5,10,5,0.196000396893589,0,0.196000396893589,0.196000396893589,NA
"113",0.5,0.5,10,5,0.130232628726563,0,0.130232628726563,0.130232628726563,NA
"114",0.745,0.5,10,5,0.146882687957267,0,0.146882687957267,0.146882687957267,NA
"115",0.99,0.5,10,5,0.257663172293993,0,0.257663172293993,0.257663172293993,NA
"116",0.01,0.745,10,5,0.0452237463250644,0,0.0452237463250644,0.0452237463250644,NA
"117",0.255,0.745,10,5,0.226635601006378,0,0.226635601006378,0.226635601006378,NA
"118",0.5,0.745,10,5,0.169872237227742,0,0.169872237227742,0.169872237227742,NA
"119",0.745,0.745,10,5,0.235630034548694,0,0.235630034548694,0.235630034548694,NA
"120",0.99,0.745,10,5,0.51928145293993,0,0.51928145293993,0.51928145293993,NA
"121",0.01,0.99,10,5,0.0403211805085084,0,0.0403211805085084,0.0403211805085084,NA
"122",0.255,0.99,10,5,0.26143972992721,0,0.26143972992721,0.26143972992721,NA
"123",0.5,0.99,10,5,0.200258487575651,0,0.200258487575651,0.200258487575651,NA
"124",0.745,0.99,10,5,0.333180063041813,0,0.333180063041813,0.333180063041813,NA
"125",0.99,0.99,10,5,0.997146666766199,0,0.997146666766199,0.997146666766199,NA
