"","lambda","mu","phi","a0","m","s","l_conf","u_conf","t_stat"
"1",0.01,0.01,5,0.5,3.98814179418672e-05,0,3.98814179418672e-05,3.98814179418672e-05,NA
"2",0.255,0.01,5,0.5,0.134306112526994,0,0.134306112526994,0.134306112526994,NA
"3",0.5,0.01,5,0.5,0.207252215524054,0,0.207252215524054,0.207252215524054,NA
"4",0.745,0.01,5,0.5,0.174501073343779,0,0.174501073343779,0.174501073343779,NA
"5",0.99,0.01,5,0.5,0.126303577671948,0,0.126303577671948,0.126303577671948,NA
"6",0.01,0.255,5,0.5,0.00157395066579302,0,0.00157395066579302,0.00157395066579302,NA
"7",0.255,0.255,5,0.5,2.89702008516431,0,2.89702008516431,2.89702008516431,NA
"8",0.5,0.255,5,0.5,2.54512092300989,0,2.54512092300989,2.54512092300989,NA
"9",0.745,0.255,5,0.5,2.06624054404581,0,2.06624054404581,2.06624054404581,NA
"10",0.99,0.255,5,0.5,1.63509564417232,0,1.63509564417232,1.63509564417232,NA
"11",0.01,0.5,5,0.5,0.00451080680400917,0,0.00451080680400917,0.00451080680400917,NA
"12",0.255,0.5,5,0.5,3.03356586449196,0,3.03356586449196,3.03356586449196,NA
"13",0.5,0.5,5,0.5,3.03882648264661,0,3.03882648264661,3.03882648264661,NA
"14",0.745,0.5,5,0.5,2.62864084937926,0,2.62864084937926,2.62864084937926,NA
"15",0.99,0.5,5,0.5,2.20322163964901,0,2.20322163964901,2.20322163964901,NA
"16",0.01,0.745,5,0.5,0.00935696036841804,0,0.00935696036841804,0.00935696036841804,NA
"17",0.255,0.745,5,0.5,2.96879875362106,0,2.96879875362106,2.96879875362106,NA
"18",0.5,0.745,5,0.5,3.16833124221781,0,3.16833124221781,3.16833124221781,NA
"19",0.745,0.745,5,0.5,2.91499129358214,0,2.91499129358214,2.91499129358214,NA
"20",0.99,0.745,5,0.5,2.5861806216848,0,2.5861806216848,2.5861806216848,NA
"21",0.01,0.99,5,0.5,0.0156830945581952,0,0.0156830945581952,0.0156830945581952,NA
"22",0.255,0.99,5,0.5,2.84813420473762,0,2.84813420473762,2.84813420473762,NA
"23",0.5,0.99,5,0.5,3.18173995815014,0,3.18173995815014,3.18173995815014,NA
"24",0.745,0.99,5,0.5,3.11574168746759,0,3.11574168746759,3.11574168746759,NA
"25",0.99,0.99,5,0.5,3.31553250396604,0,3.31553250396604,3.31553250396604,NA
