"","lambda","mu","rho","p","phi","m","s","l_conf","u_conf","t_stat"
"1",0.01,0.01,0.01,1,5,3.26304352957774e-05,0,3.26304352957774e-05,3.26304352957774e-05,NA
"2",0.255,0.01,0.01,1,5,0.00338189431409219,0,0.00338189431409219,0.00338189431409219,NA
"3",0.5,0.01,0.01,1,5,0.0038850804191457,0,0.0038850804191457,0.0038850804191457,NA
"4",0.745,0.01,0.01,1,5,0.00347134358384116,0,0.00347134358384116,0.00347134358384116,NA
"5",0.99,0.01,0.01,1,5,0.00289741535326926,0,0.00289741535326926,0.00289741535326926,NA
"6",0.01,0.255,0.01,1,5,0.000835206589839821,0,0.000835206589839821,0.000835206589839821,NA
"7",0.255,0.255,0.01,1,5,0.0871257440346203,0,0.0871257440346203,0.0871257440346203,NA
"8",0.5,0.255,0.01,1,5,0.0996797112251651,0,0.0996797112251651,0.0996797112251651,NA
"9",0.745,0.255,0.01,1,5,0.0889039836342416,0,0.0889039836342416,0.0889039836342416,NA
"10",0.99,0.255,0.01,1,5,0.0740890961057785,0,0.0740890961057785,0.0740890961057785,NA
"11",0.01,0.5,0.01,1,5,0.0016438243248722,0,0.0016438243248722,0.0016438243248722,NA
"12",0.255,0.5,0.01,1,5,0.17250330427251,0,0.17250330427251,0.17250330427251,NA
"13",0.5,0.5,0.01,1,5,0.196542228579285,0,0.196542228579285,0.196542228579285,NA
"14",0.745,0.5,0.01,1,5,0.175003769994729,0,0.175003769994729,0.175003769994729,NA
"15",0.99,0.5,0.01,1,5,0.145633873488533,0,0.145633873488533,0.145633873488533,NA
"16",0.01,0.745,0.01,1,5,0.00245852264595947,0,0.00245852264595947,0.00245852264595947,NA
"17",0.255,0.745,0.01,1,5,0.259405604476878,0,0.259405604476878,0.259405604476878,NA
"18",0.5,0.745,0.01,1,5,0.29431410008891,0,0.29431410008891,0.29431410008891,NA
"19",0.745,0.745,0.01,1,5,0.261662084650998,0,0.261662084650998,0.261662084650998,NA
"20",0.99,0.745,0.01,1,5,0.217470797012306,0,0.217470797012306,0.217470797012306,NA
"21",0.01,0.99,0.01,1,5,0.00327934134815044,0,0.00327934134815044,0.00327934134815044,NA
"22",0.255,0.99,0.01,1,5,0.347718232213699,0,0.347718232213699,0.347718232213699,NA
"23",0.5,0.99,0.01,1,5,0.392830941725799,0,0.392830941725799,0.392830941725799,NA
"24",0.745,0.99,0.01,1,5,0.348767237668614,0,0.348767237668614,0.348767237668614,NA
"25",0.99,0.99,0.01,1,5,0.289537841385104,0,0.289537841385104,0.289537841385104,NA
"26",0.01,0.01,1.8825,1,5,0.00893758613456819,0,0.00893758613456819,0.00893758613456819,NA
"27",0.255,0.01,1.8825,1,5,0.926238446499723,0,0.926238446499723,0.926238446499723,NA
"28",0.5,0.01,1.8825,1,5,1.35184877518324,0,1.35184877518324,1.35184877518324,NA
"29",0.745,0.01,1.8825,1,5,1.30365669831218,0,1.30365669831218,1.30365669831218,NA
"30",0.99,0.01,1.8825,1,5,1.16905761489107,0,1.16905761489107,1.16905761489107,NA
"31",0.01,0.255,1.8825,1,5,0.395419274875408,0,0.395419274875408,0.395419274875408,NA
"32",0.255,0.255,1.8825,1,5,3.79608098373466,0,3.79608098373466,3.79608098373466,NA
"33",0.5,0.255,1.8825,1,5,3.92299241825571,0,3.92299241825571,3.92299241825571,NA
"34",0.745,0.255,1.8825,1,5,3.93698056799395,0,3.93698056799395,3.93698056799395,NA
"35",0.99,0.255,1.8825,1,5,3.93809474381133,0,3.93809474381133,3.93809474381133,NA
"36",0.01,0.5,1.8825,1,5,0.430516736937907,0,0.430516736937907,0.430516736937907,NA
"37",0.255,0.5,1.8825,1,5,3.82208047311163,0,3.82208047311163,3.82208047311163,NA
"38",0.5,0.5,1.8825,1,5,3.9329585960587,0,3.9329585960587,3.9329585960587,NA
"39",0.745,0.5,1.8825,1,5,3.94466407198464,0,3.94466407198464,3.94466407198464,NA
"40",0.99,0.5,1.8825,1,5,3.94583956614222,0,3.94583956614222,3.94583956614222,NA
"41",0.01,0.745,1.8825,1,5,0.436308730513228,0,0.436308730513228,0.436308730513228,NA
"42",0.255,0.745,1.8825,1,5,3.82948399866504,0,3.82948399866504,3.82948399866504,NA
"43",0.5,0.745,1.8825,1,5,3.93476038353348,0,3.93476038353348,3.93476038353348,NA
"44",0.745,0.745,1.8825,1,5,3.94535284597858,0,3.94535284597858,3.94535284597858,NA
"45",0.99,0.745,1.8825,1,5,3.94626495990661,0,3.94626495990661,3.94626495990661,NA
"46",0.01,0.99,1.8825,1,5,0.440715017796935,0,0.440715017796935,0.440715017796935,NA
"47",0.255,0.99,1.8825,1,5,3.83412921238905,0,3.83412921238905,3.83412921238905,NA
"48",0.5,0.99,1.8825,1,5,3.93566164940383,0,3.93566164940383,3.93566164940383,NA
"49",0.745,0.99,1.8825,1,5,3.9455507255627,0,3.9455507255627,3.9455507255627,NA
"50",0.99,0.99,1.8825,1,5,3.94629506750515,0,3.94629506750515,3.94629506750515,NA
"51",0.01,0.01,3.755,1,5,0.0219247847000121,0,0.0219247847000121,0.0219247847000121,NA
"52",0.255,0.01,3.755,1,5,1.8820685579276,0,1.8820685579276,1.8820685579276,NA
"53",0.5,0.01,3.755,1,5,2.38753283866446,0,2.38753283866446,2.38753283866446,NA
"54",0.745,0.01,3.755,1,5,2.11189184464834,0,2.11189184464834,2.11189184464834,NA
"55",0.99,0.01,3.755,1,5,1.71950564912492,0,1.71950564912492,1.71950564912492,NA
"56",0.01,0.255,3.755,1,5,0.420530923277974,0,0.420530923277974,0.420530923277974,NA
"57",0.255,0.255,3.755,1,5,3.81078565399986,0,3.81078565399986,3.81078565399986,NA
"58",0.5,0.255,3.755,1,5,3.92738405937693,0,3.92738405937693,3.92738405937693,NA
"59",0.745,0.255,3.755,1,5,3.93907100632368,0,3.93907100632368,3.93907100632368,NA
"60",0.99,0.255,3.755,1,5,3.93031407327949,0,3.93031407327949,3.93031407327949,NA
"61",0.01,0.5,3.755,1,5,0.441775159924123,0,0.441775159924123,0.441775159924123,NA
"62",0.255,0.5,3.755,1,5,3.83319735978839,0,3.83319735978839,3.83319735978839,NA
"63",0.5,0.5,3.755,1,5,3.93529288590995,0,3.93529288590995,3.93529288590995,NA
"64",0.745,0.5,3.755,1,5,3.94525177742841,0,3.94525177742841,3.94525177742841,NA
"65",0.99,0.5,3.755,1,5,3.94607653759137,0,3.94607653759137,3.94607653759137,NA
"66",0.01,0.745,3.755,1,5,0.449118482244983,0,0.449118482244983,0.449118482244983,NA
"67",0.255,0.745,3.755,1,5,3.83942324972787,0,3.83942324972787,3.83942324972787,NA
"68",0.5,0.745,3.755,1,5,3.93666740204407,0,3.93666740204407,3.93666740204407,NA
"69",0.745,0.745,3.755,1,5,3.945712883504,0,3.945712883504,3.945712883504,NA
"70",0.99,0.745,3.755,1,5,3.94636046221186,0,3.94636046221186,3.94636046221186,NA
"71",0.01,0.99,3.755,1,5,0.454832745584197,0,0.454832745584197,0.454832745584197,NA
"72",0.255,0.99,3.755,1,5,3.84320753850049,0,3.84320753850049,3.84320753850049,NA
"73",0.5,0.99,3.755,1,5,3.93738413306086,0,3.93738413306086,3.93738413306086,NA
"74",0.745,0.99,3.755,1,5,3.94586049743819,0,3.94586049743819,3.94586049743819,NA
"75",0.99,0.99,3.755,1,5,3.94638593188321,0,3.94638593188321,3.94638593188321,NA
"76",0.01,0.01,5.6275,1,5,0.023904677457955,0,0.023904677457955,0.023904677457955,NA
"77",0.255,0.01,5.6275,1,5,2.2999543046855,0,2.2999543046855,2.2999543046855,NA
"78",0.5,0.01,5.6275,1,5,2.55947474994643,0,2.55947474994643,2.55947474994643,NA
"79",0.745,0.01,5.6275,1,5,2.10589428835544,0,2.10589428835544,2.10589428835544,NA
"80",0.99,0.01,5.6275,1,5,1.71002887244669,0,1.71002887244669,1.71002887244669,NA
"81",0.01,0.255,5.6275,1,5,0.427715846206558,0,0.427715846206558,0.427715846206558,NA
"82",0.255,0.255,5.6275,1,5,3.81864093604851,0,3.81864093604851,3.81864093604851,NA
"83",0.5,0.255,5.6275,1,5,3.92747788008193,0,3.92747788008193,3.92747788008193,NA
"84",0.745,0.255,5.6275,1,5,3.92679354880412,0,3.92679354880412,3.92679354880412,NA
"85",0.99,0.255,5.6275,1,5,3.92156104461428,0,3.92156104461428,3.92156104461428,NA
"86",0.01,0.5,5.6275,1,5,0.449881449919715,0,0.449881449919715,0.449881449919715,NA
"87",0.255,0.5,5.6275,1,5,3.83877727395265,0,3.83877727395265,3.83877727395265,NA
"88",0.5,0.5,5.6275,1,5,3.93627857395993,0,3.93627857395993,3.93627857395993,NA
"89",0.745,0.5,5.6275,1,5,3.94546066485365,0,3.94546066485365,3.94546066485365,NA
"90",0.99,0.5,5.6275,1,5,3.94638750427118,0,3.94638750427118,3.94638750427118,NA
"91",0.01,0.745,5.6275,1,5,0.45810767660563,0,0.45810767660563,0.45810767660563,NA
"92",0.255,0.745,5.6275,1,5,3.84429303936152,0,3.84429303936152,3.84429303936152,NA
"93",0.5,0.745,5.6275,1,5,3.93748447340814,0,3.93748447340814,3.93748447340814,NA
"94",0.745,0.745,5.6275,1,5,3.94584569264977,0,3.94584569264977,3.94584569264977,NA
"95",0.99,0.745,5.6275,1,5,3.94638520784188,0,3.94638520784188,3.94638520784188,NA
"96",0.01,0.99,5.6275,1,5,0.464358003993339,0,0.464358003993339,0.464358003993339,NA
"97",0.255,0.99,5.6275,1,5,3.8476022593786,0,3.8476022593786,3.8476022593786,NA
"98",0.5,0.99,5.6275,1,5,3.93811588256916,0,3.93811588256916,3.93811588256916,NA
"99",0.745,0.99,5.6275,1,5,3.9459681246028,0,3.9459681246028,3.9459681246028,NA
"100",0.99,0.99,5.6275,1,5,3.94640617671147,0,3.94640617671147,3.94640617671147,NA
"101",0.01,0.01,7.5,1,5,0.0255012699248551,0,0.0255012699248551,0.0255012699248551,NA
"102",0.255,0.01,7.5,1,5,2.42366290206756,0,2.42366290206756,2.42366290206756,NA
"103",0.5,0.01,7.5,1,5,2.89781345704657,0,2.89781345704657,2.89781345704657,NA
"104",0.745,0.01,7.5,1,5,2.77038749119923,0,2.77038749119923,2.77038749119923,NA
"105",0.99,0.01,7.5,1,5,0.959492985146369,0,0.959492985146369,0.959492985146369,NA
"106",0.01,0.255,7.5,1,5,0.433089465465269,0,0.433089465465269,0.433089465465269,NA
"107",0.255,0.255,7.5,1,5,3.82377902076918,0,3.82377902076918,3.82377902076918,NA
"108",0.5,0.255,7.5,1,5,3.92595027170955,0,3.92595027170955,3.92595027170955,NA
"109",0.745,0.255,7.5,1,5,3.93766093129073,0,3.93766093129073,3.93766093129073,NA
"110",0.99,0.255,7.5,1,5,3.94270702895345,0,3.94270702895345,3.94270702895345,NA
"111",0.01,0.5,7.5,1,5,0.45621963758043,0,0.45621963758043,0.45621963758043,NA
"112",0.255,0.5,7.5,1,5,3.84232065454582,0,3.84232065454582,3.84232065454582,NA
"113",0.5,0.5,7.5,1,5,3.93688938133262,0,3.93688938133262,3.93688938133262,NA
"114",0.745,0.5,7.5,1,5,3.94558748249882,0,3.94558748249882,3.94558748249882,NA
"115",0.99,0.5,7.5,1,5,3.94350529443726,0,3.94350529443726,3.94350529443726,NA
"116",0.01,0.745,7.5,1,5,0.464951071667124,0,0.464951071667124,0.464951071667124,NA
"117",0.255,0.745,7.5,1,5,3.84735365801765,0,3.84735365801765,3.84735365801765,NA
"118",0.5,0.745,7.5,1,5,3.93797970882137,0,3.93797970882137,3.93797970882137,NA
"119",0.745,0.745,7.5,1,5,3.94592255626243,0,3.94592255626243,3.94592255626243,NA
"120",0.99,0.745,7.5,1,5,3.94574664656969,0,3.94574664656969,3.94574664656969,NA
"121",0.01,0.99,7.5,1,5,0.471440570666476,0,0.471440570666476,0.471440570666476,NA
"122",0.255,0.99,7.5,1,5,3.85035120956989,0,3.85035120956989,3.85035120956989,NA
"123",0.5,0.99,7.5,1,5,3.93855099798517,0,3.93855099798517,3.93855099798517,NA
"124",0.745,0.99,7.5,1,5,3.9460284565533,0,3.9460284565533,3.9460284565533,NA
"125",0.99,0.99,7.5,1,5,3.94641691040519,0,3.94641691040519,3.94641691040519,NA
"126",0.01,0.01,0.01,3.25,5,0.000205899969190515,0,0.000205899969190515,0.000205899969190515,NA
"127",0.255,0.01,0.01,3.25,5,0.00237013397130781,0,0.00237013397130781,0.00237013397130781,NA
"128",0.5,0.01,0.01,3.25,5,0.0012046474340961,0,0.0012046474340961,0.0012046474340961,NA
"129",0.745,0.01,0.01,3.25,5,0.00080845288639475,0,0.00080845288639475,0.00080845288639475,NA
"130",0.99,0.01,0.01,3.25,5,0.000603546536084743,0,0.000603546536084743,0.000603546536084743,NA
"131",0.01,0.255,0.01,3.25,5,0.00521671654675049,0,0.00521671654675049,0.00521671654675049,NA
"132",0.255,0.255,0.01,3.25,5,0.0588058293883578,0,0.0588058293883578,0.0588058293883578,NA
"133",0.5,0.255,0.01,3.25,5,0.0302508263627936,0,0.0302508263627936,0.0302508263627936,NA
"134",0.745,0.255,0.01,3.25,5,0.0204571196216996,0,0.0204571196216996,0.0204571196216996,NA
"135",0.99,0.255,0.01,3.25,5,0.01536358999474,0,0.01536358999474,0.01536358999474,NA
"136",0.01,0.5,0.01,3.25,5,0.0101609647570036,0,0.0101609647570036,0.0101609647570036,NA
"137",0.255,0.5,0.01,3.25,5,0.112241881251818,0,0.112241881251818,0.112241881251818,NA
"138",0.5,0.5,0.01,3.25,5,0.0584273563638125,0,0.0584273563638125,0.0584273563638125,NA
"139",0.745,0.5,0.01,3.25,5,0.0398090736131365,0,0.0398090736131365,0.0398090736131365,NA
"140",0.99,0.5,0.01,3.25,5,0.0300751266487689,0,0.0300751266487689,0.0300751266487689,NA
"141",0.01,0.745,0.01,3.25,5,0.015036281349871,0,0.015036281349871,0.015036281349871,NA
"142",0.255,0.745,0.01,3.25,5,0.162870565738937,0,0.162870565738937,0.162870565738937,NA
"143",0.5,0.745,0.01,3.25,5,0.085774668150979,0,0.085774668150979,0.085774668150979,NA
"144",0.745,0.745,0.01,3.25,5,0.0588752407554063,0,0.0588752407554063,0.0588752407554063,NA
"145",0.99,0.745,0.01,3.25,5,0.0447426137247229,0,0.0447426137247229,0.0447426137247229,NA
"146",0.01,0.99,0.01,3.25,5,0.0198405702385169,0,0.0198405702385169,0.0198405702385169,NA
"147",0.255,0.99,0.01,3.25,5,0.210871565359889,0,0.210871565359889,0.210871565359889,NA
"148",0.5,0.99,0.01,3.25,5,0.112330454796443,0,0.112330454796443,0.112330454796443,NA
"149",0.745,0.99,0.01,3.25,5,0.0776660275793652,0,0.0776660275793652,0.0776660275793652,NA
"150",0.99,0.99,0.01,3.25,5,0.0593704201102148,0,0.0593704201102148,0.0593704201102148,NA
"151",0.01,0.01,1.8825,3.25,5,0.0188127993138909,0,0.0188127993138909,0.0188127993138909,NA
"152",0.255,0.01,1.8825,3.25,5,0.188777946083639,0,0.188777946083639,0.188777946083639,NA
"153",0.5,0.01,1.8825,3.25,5,0.182932047759024,0,0.182932047759024,0.182932047759024,NA
"154",0.745,0.01,1.8825,3.25,5,0.184278873024852,0,0.184278873024852,0.184278873024852,NA
"155",0.99,0.01,1.8825,3.25,5,0.254057925309676,0,0.254057925309676,0.254057925309676,NA
"156",0.01,0.255,1.8825,3.25,5,0.222582371672596,0,0.222582371672596,0.222582371672596,NA
"157",0.255,0.255,1.8825,3.25,5,1.81504594834756,0,1.81504594834756,1.81504594834756,NA
"158",0.5,0.255,1.8825,3.25,5,1.87631406627443,0,1.87631406627443,1.87631406627443,NA
"159",0.745,0.255,1.8825,3.25,5,2.10783954180264,0,2.10783954180264,2.10783954180264,NA
"160",0.99,0.255,1.8825,3.25,5,3.72495435933696,0,3.72495435933696,3.72495435933696,NA
"161",0.01,0.5,1.8825,3.25,5,0.227741041284955,0,0.227741041284955,0.227741041284955,NA
"162",0.255,0.5,1.8825,3.25,5,2.09920319141409,0,2.09920319141409,2.09920319141409,NA
"163",0.5,0.5,1.8825,3.25,5,2.06612647111675,0,2.06612647111675,2.06612647111675,NA
"164",0.745,0.5,1.8825,3.25,5,2.41404256596591,0,2.41404256596591,2.41404256596591,NA
"165",0.99,0.5,1.8825,3.25,5,3.84032157149386,0,3.84032157149386,3.84032157149386,NA
"166",0.01,0.745,1.8825,3.25,5,0.209394222717326,0,0.209394222717326,0.209394222717326,NA
"167",0.255,0.745,1.8825,3.25,5,2.33770067165567,0,2.33770067165567,2.33770067165567,NA
"168",0.5,0.745,1.8825,3.25,5,2.18437386811064,0,2.18437386811064,2.18437386811064,NA
"169",0.745,0.745,1.8825,3.25,5,2.53954476484111,0,2.53954476484111,2.53954476484111,NA
"170",0.99,0.745,1.8825,3.25,5,3.86455870657401,0,3.86455870657401,3.86455870657401,NA
"171",0.01,0.99,1.8825,3.25,5,0.195589864217204,0,0.195589864217204,0.195589864217204,NA
"172",0.255,0.99,1.8825,3.25,5,2.54823609323512,0,2.54823609323512,2.54823609323512,NA
"173",0.5,0.99,1.8825,3.25,5,2.34373295025538,0,2.34373295025538,2.34373295025538,NA
"174",0.745,0.99,1.8825,3.25,5,2.63501690721645,0,2.63501690721645,2.63501690721645,NA
"175",0.99,0.99,1.8825,3.25,5,3.88049636725149,0,3.88049636725149,3.88049636725149,NA
"176",0.01,0.01,3.755,3.25,5,0.0226989535168749,0,0.0226989535168749,0.0226989535168749,NA
"177",0.255,0.01,3.755,3.25,5,0.244259050870721,0,0.244259050870721,0.244259050870721,NA
"178",0.5,0.01,3.755,3.25,5,0.239880341869019,0,0.239880341869019,0.239880341869019,NA
"179",0.745,0.01,3.755,3.25,5,0.250659718858643,0,0.250659718858643,0.250659718858643,NA
"180",0.99,0.01,3.755,3.25,5,0.641506475823878,0,0.641506475823878,0.641506475823878,NA
"181",0.01,0.255,3.755,3.25,5,0.228647712248692,0,0.228647712248692,0.228647712248692,NA
"182",0.255,0.255,3.755,3.25,5,2.2225002397497,0,2.2225002397497,2.2225002397497,NA
"183",0.5,0.255,3.755,3.25,5,2.25954544573622,0,2.25954544573622,2.25954544573622,NA
"184",0.745,0.255,3.755,3.25,5,2.56410114545848,0,2.56410114545848,2.56410114545848,NA
"185",0.99,0.255,3.755,3.25,5,3.79816577722805,0,3.79816577722805,3.79816577722805,NA
"186",0.01,0.5,3.755,3.25,5,0.212237134733471,0,0.212237134733471,0.212237134733471,NA
"187",0.255,0.5,3.755,3.25,5,2.49349685643539,0,2.49349685643539,2.49349685643539,NA
"188",0.5,0.5,3.755,3.25,5,2.40146475579012,0,2.40146475579012,2.40146475579012,NA
"189",0.745,0.5,3.755,3.25,5,2.76127687797153,0,2.76127687797153,2.76127687797153,NA
"190",0.99,0.5,3.755,3.25,5,3.87434080812363,0,3.87434080812363,3.87434080812363,NA
"191",0.01,0.745,3.755,3.25,5,0.190891437955935,0,0.190891437955935,0.190891437955935,NA
"192",0.255,0.745,3.755,3.25,5,2.70625194313704,0,2.70625194313704,2.70625194313704,NA
"193",0.5,0.745,3.755,3.25,5,2.50560899074367,0,2.50560899074367,2.50560899074367,NA
"194",0.745,0.745,3.755,3.25,5,2.82275296325691,0,2.82275296325691,2.82275296325691,NA
"195",0.99,0.745,3.755,3.25,5,3.89034650346913,0,3.89034650346913,3.89034650346913,NA
"196",0.01,0.99,3.755,3.25,5,0.179333041706391,0,0.179333041706391,0.179333041706391,NA
"197",0.255,0.99,3.755,3.25,5,2.88887708799139,0,2.88887708799139,2.88887708799139,NA
"198",0.5,0.99,3.755,3.25,5,2.66852530236837,0,2.66852530236837,2.66852530236837,NA
"199",0.745,0.99,3.755,3.25,5,2.90566561302082,0,2.90566561302082,2.90566561302082,NA
"200",0.99,0.99,3.755,3.25,5,3.90297185362525,0,3.90297185362525,3.90297185362525,NA
"201",0.01,0.01,5.6275,3.25,5,0.0240731051762388,0,0.0240731051762388,0.0240731051762388,NA
"202",0.255,0.01,5.6275,3.25,5,0.287400702488044,0,0.287400702488044,0.287400702488044,NA
"203",0.5,0.01,5.6275,3.25,5,0.294381955126307,0,0.294381955126307,0.294381955126307,NA
"204",0.745,0.01,5.6275,3.25,5,0.31765839402096,0,0.31765839402096,0.31765839402096,NA
"205",0.99,0.01,5.6275,3.25,5,0.75140268875358,0,0.75140268875358,0.75140268875358,NA
"206",0.01,0.255,5.6275,3.25,5,0.229797591797729,0,0.229797591797729,0.229797591797729,NA
"207",0.255,0.255,5.6275,3.25,5,2.45445121347176,0,2.45445121347176,2.45445121347176,NA
"208",0.5,0.255,5.6275,3.25,5,2.48524215998905,0,2.48524215998905,2.48524215998905,NA
"209",0.745,0.255,5.6275,3.25,5,2.78873341968528,0,2.78873341968528,2.78873341968528,NA
"210",0.99,0.255,5.6275,3.25,5,3.83028021967876,0,3.83028021967876,3.83028021967876,NA
"211",0.01,0.5,5.6275,3.25,5,0.205213450171476,0,0.205213450171476,0.205213450171476,NA
"212",0.255,0.5,5.6275,3.25,5,2.70445135861027,0,2.70445135861027,2.70445135861027,NA
"213",0.5,0.5,5.6275,3.25,5,2.60368462010192,0,2.60368462010192,2.60368462010192,NA
"214",0.745,0.5,5.6275,3.25,5,2.94815089773342,0,2.94815089773342,2.94815089773342,NA
"215",0.99,0.5,5.6275,3.25,5,3.88935231875625,0,3.88935231875625,3.88935231875625,NA
"216",0.01,0.745,5.6275,3.25,5,0.183055115278287,0,0.183055115278287,0.183055115278287,NA
"217",0.255,0.745,5.6275,3.25,5,2.89562113474865,0,2.89562113474865,2.89562113474865,NA
"218",0.5,0.745,5.6275,3.25,5,2.70900938278203,0,2.70900938278203,2.70900938278203,NA
"219",0.745,0.745,5.6275,3.25,5,3.01703813421708,0,3.01703813421708,3.01703813421708,NA
"220",0.99,0.745,5.6275,3.25,5,3.90340111646905,0,3.90340111646905,3.90340111646905,NA
"221",0.01,0.99,5.6275,3.25,5,0.171518224012097,0,0.171518224012097,0.171518224012097,NA
"222",0.255,0.99,5.6275,3.25,5,3.08180471160414,0,3.08180471160414,3.08180471160414,NA
"223",0.5,0.99,5.6275,3.25,5,2.91364255851224,0,2.91364255851224,2.91364255851224,NA
"224",0.745,0.99,5.6275,3.25,5,3.16141699416346,0,3.16141699416346,3.16141699416346,NA
"225",0.99,0.99,5.6275,3.25,5,3.91652800693682,0,3.91652800693682,3.91652800693682,NA
"226",0.01,0.01,7.5,3.25,5,0.0247100462421244,0,0.0247100462421244,0.0247100462421244,NA
"227",0.255,0.01,7.5,3.25,5,0.463355810346471,0,0.463355810346471,0.463355810346471,NA
"228",0.5,0.01,7.5,3.25,5,0.400954162807399,0,0.400954162807399,0.400954162807399,NA
"229",0.745,0.01,7.5,3.25,5,0.414906503942553,0,0.414906503942553,0.414906503942553,NA
"230",0.99,0.01,7.5,3.25,5,0.383805373942857,0,0.383805373942857,0.383805373942857,NA
"231",0.01,0.255,7.5,3.25,5,0.230605997371086,0,0.230605997371086,0.230605997371086,NA
"232",0.255,0.255,7.5,3.25,5,2.59423762070009,0,2.59423762070009,2.59423762070009,NA
"233",0.5,0.255,7.5,3.25,5,2.62362221758832,0,2.62362221758832,2.62362221758832,NA
"234",0.745,0.255,7.5,3.25,5,2.93895457842719,0,2.93895457842719,2.93895457842719,NA
"235",0.99,0.255,7.5,3.25,5,3.85087360941658,0,3.85087360941658,3.85087360941658,NA
"236",0.01,0.5,7.5,3.25,5,0.201404523818444,0,0.201404523818444,0.201404523818444,NA
"237",0.255,0.5,7.5,3.25,5,2.84994076945215,0,2.84994076945215,2.84994076945215,NA
"238",0.5,0.5,7.5,3.25,5,2.73819953276347,0,2.73819953276347,2.73819953276347,NA
"239",0.745,0.5,7.5,3.25,5,3.0893147134623,0,3.0893147134623,3.0893147134623,NA
"240",0.99,0.5,7.5,3.25,5,3.90002166279825,0,3.90002166279825,3.90002166279825,NA
"241",0.01,0.745,7.5,3.25,5,0.178222590109921,0,0.178222590109921,0.178222590109921,NA
"242",0.255,0.745,7.5,3.25,5,3.02791491145846,0,3.02791491145846,3.02791491145846,NA
"243",0.5,0.745,7.5,3.25,5,2.90073707386917,0,2.90073707386917,2.90073707386917,NA
"244",0.745,0.745,7.5,3.25,5,3.22404726377931,0,3.22404726377931,3.22404726377931,NA
"245",0.99,0.745,7.5,3.25,5,3.91601431186173,0,3.91601431186173,3.91601431186173,NA
"246",0.01,0.99,7.5,3.25,5,0.166011355444378,0,0.166011355444378,0.166011355444378,NA
"247",0.255,0.99,7.5,3.25,5,3.2150236811099,0,3.2150236811099,3.2150236811099,NA
"248",0.5,0.99,7.5,3.25,5,3.23015826501344,0,3.23015826501344,3.23015826501344,NA
"249",0.745,0.99,7.5,3.25,5,3.47696985251671,0,3.47696985251671,3.47696985251671,NA
"250",0.99,0.99,7.5,3.25,5,3.93000183673874,0,3.93000183673874,3.93000183673874,NA
"251",0.01,0.01,0.01,5.5,5,0.000259275950985849,0,0.000259275950985849,0.000259275950985849,NA
"252",0.255,0.01,0.01,5.5,5,0.00161780290250579,0,0.00161780290250579,0.00161780290250579,NA
"253",0.5,0.01,0.01,5.5,5,0.000683188328105322,0,0.000683188328105322,0.000683188328105322,NA
"254",0.745,0.01,0.01,5.5,5,0.000454477978609313,0,0.000454477978609313,0.000454477978609313,NA
"255",0.99,0.01,0.01,5.5,5,0.000304469934897078,0,0.000304469934897078,0.000304469934897078,NA
"256",0.01,0.255,0.01,5.5,5,0.00645604214265916,0,0.00645604214265916,0.00645604214265916,NA
"257",0.255,0.255,0.01,5.5,5,0.0394751962096691,0,0.0394751962096691,0.0394751962096691,NA
"258",0.5,0.255,0.01,5.5,5,0.0171106652088775,0,0.0171106652088775,0.0171106652088775,NA
"259",0.745,0.255,0.01,5.5,5,0.0115491777812682,0,0.0115491777812682,0.0115491777812682,NA
"260",0.99,0.255,0.01,5.5,5,0.00794480868273162,0,0.00794480868273162,0.00794480868273162,NA
"261",0.01,0.5,0.01,5.5,5,0.0123555647247806,0,0.0123555647247806,0.0123555647247806,NA
"262",0.255,0.5,0.01,5.5,5,0.0741432775703186,0,0.0741432775703186,0.0741432775703186,NA
"263",0.5,0.5,0.01,5.5,5,0.0329633670262683,0,0.0329633670262683,0.0329633670262683,NA
"264",0.745,0.5,0.01,5.5,5,0.0225713202022357,0,0.0225713202022357,0.0225713202022357,NA
"265",0.99,0.5,0.01,5.5,5,0.0159319026167739,0,0.0159319026167739,0.0159319026167739,NA
"266",0.01,0.745,0.01,5.5,5,0.0179618182018511,0,0.0179618182018511,0.0179618182018511,NA
"267",0.255,0.745,0.01,5.5,5,0.105929696076602,0,0.105929696076602,0.105929696076602,NA
"268",0.5,0.745,0.01,5.5,5,0.0482718313020356,0,0.0482718313020356,0.0482718313020356,NA
"269",0.745,0.745,0.01,5.5,5,0.0335270465919364,0,0.0335270465919364,0.0335270465919364,NA
"270",0.99,0.745,0.01,5.5,5,0.024264569545716,0,0.024264569545716,0.024264569545716,NA
"271",0.01,0.99,0.01,5.5,5,0.0232806722194123,0,0.0232806722194123,0.0232806722194123,NA
"272",0.255,0.99,0.01,5.5,5,0.13510839893318,0,0.13510839893318,0.13510839893318,NA
"273",0.5,0.99,0.01,5.5,5,0.0630642004508868,0,0.0630642004508868,0.0630642004508868,NA
"274",0.745,0.99,0.01,5.5,5,0.0444222338602311,0,0.0444222338602311,0.0444222338602311,NA
"275",0.99,0.99,0.01,5.5,5,0.0329414528320122,0,0.0329414528320122,0.0329414528320122,NA
"276",0.01,0.01,1.8825,5.5,5,0.0105287446865474,0,0.0105287446865474,0.0105287446865474,NA
"277",0.255,0.01,1.8825,5.5,5,0.108895067417057,0,0.108895067417057,0.108895067417057,NA
"278",0.5,0.01,1.8825,5.5,5,0.102378074028352,0,0.102378074028352,0.102378074028352,NA
"279",0.745,0.01,1.8825,5.5,5,0.183353315639637,0,0.183353315639637,0.183353315639637,NA
"280",0.99,0.01,1.8825,5.5,5,0.621971234592206,0,0.621971234592206,0.621971234592206,NA
"281",0.01,0.255,1.8825,5.5,5,0.0718362081480186,0,0.0718362081480186,0.0718362081480186,NA
"282",0.255,0.255,1.8825,5.5,5,0.857955347201364,0,0.857955347201364,0.857955347201364,NA
"283",0.5,0.255,1.8825,5.5,5,0.988687986715637,0,0.988687986715637,0.988687986715637,NA
"284",0.745,0.255,1.8825,5.5,5,2.71652228871302,0,2.71652228871302,2.71652228871302,NA
"285",0.99,0.255,1.8825,5.5,5,3.78410260475877,0,3.78410260475877,3.78410260475877,NA
"286",0.01,0.5,1.8825,5.5,5,0.0517645170381344,0,0.0517645170381344,0.0517645170381344,NA
"287",0.255,0.5,1.8825,5.5,5,0.932010111482421,0,0.932010111482421,0.932010111482421,NA
"288",0.5,0.5,1.8825,5.5,5,1.04483626781103,0,1.04483626781103,1.04483626781103,NA
"289",0.745,0.5,1.8825,5.5,5,2.99068659845096,0,2.99068659845096,2.99068659845096,NA
"290",0.99,0.5,1.8825,5.5,5,3.8796783827906,0,3.8796783827906,3.8796783827906,NA
"291",0.01,0.745,1.8825,5.5,5,0.0420041173290524,0,0.0420041173290524,0.0420041173290524,NA
"292",0.255,0.745,1.8825,5.5,5,1.05027803028794,0,1.05027803028794,1.05027803028794,NA
"293",0.5,0.745,1.8825,5.5,5,1.07512849893012,0,1.07512849893012,1.07512849893012,NA
"294",0.745,0.745,1.8825,5.5,5,3.05822761600818,0,3.05822761600818,3.05822761600818,NA
"295",0.99,0.745,1.8825,5.5,5,3.89537423760793,0,3.89537423760793,3.89537423760793,NA
"296",0.01,0.99,1.8825,5.5,5,0.0377597031079795,0,0.0377597031079795,0.0377597031079795,NA
"297",0.255,0.99,1.8825,5.5,5,1.17608200385963,0,1.17608200385963,1.17608200385963,NA
"298",0.5,0.99,1.8825,5.5,5,1.16549802440204,0,1.16549802440204,1.16549802440204,NA
"299",0.745,0.99,1.8825,5.5,5,3.10279025697283,0,3.10279025697283,3.10279025697283,NA
"300",0.99,0.99,1.8825,5.5,5,3.90399990751034,0,3.90399990751034,3.90399990751034,NA
"301",0.01,0.01,3.755,5.5,5,0.0109611425406801,0,0.0109611425406801,0.0109611425406801,NA
"302",0.255,0.01,3.755,5.5,5,0.192425686697299,0,0.192425686697299,0.192425686697299,NA
"303",0.5,0.01,3.755,5.5,5,0.13949980506074,0,0.13949980506074,0.13949980506074,NA
"304",0.745,0.01,3.755,5.5,5,0.332626518838644,0,0.332626518838644,0.332626518838644,NA
"305",0.99,0.01,3.755,5.5,5,0.751051943995457,0,0.751051943995457,0.751051943995457,NA
"306",0.01,0.255,3.755,5.5,5,0.0643323304766585,0,0.0643323304766585,0.0643323304766585,NA
"307",0.255,0.255,3.755,5.5,5,1.26199052240596,0,1.26199052240596,1.26199052240596,NA
"308",0.5,0.255,3.755,5.5,5,1.22413050183905,0,1.22413050183905,1.22413050183905,NA
"309",0.745,0.255,3.755,5.5,5,2.85091620279903,0,2.85091620279903,2.85091620279903,NA
"310",0.99,0.255,3.755,5.5,5,3.82417437305799,0,3.82417437305799,3.82417437305799,NA
"311",0.01,0.5,3.755,5.5,5,0.0427465881590767,0,0.0427465881590767,0.0427465881590767,NA
"312",0.255,0.5,3.755,5.5,5,1.31905258262761,0,1.31905258262761,1.31905258262761,NA
"313",0.5,0.5,3.755,5.5,5,1.26539496510153,0,1.26539496510153,1.26539496510153,NA
"314",0.745,0.5,3.755,5.5,5,3.07359034421131,0,3.07359034421131,3.07359034421131,NA
"315",0.99,0.5,3.755,5.5,5,3.89497281207503,0,3.89497281207503,3.89497281207503,NA
"316",0.01,0.745,3.755,5.5,5,0.0347120782568933,0,0.0347120782568933,0.0347120782568933,NA
"317",0.255,0.745,3.755,5.5,5,1.42653692772593,0,1.42653692772593,1.42653692772593,NA
"318",0.5,0.745,3.755,5.5,5,1.30968047215756,0,1.30968047215756,1.30968047215756,NA
"319",0.745,0.745,3.755,5.5,5,3.12882444943845,0,3.12882444943845,3.12882444943845,NA
"320",0.99,0.745,3.755,5.5,5,3.90765687980247,0,3.90765687980247,3.90765687980247,NA
"321",0.01,0.99,3.755,5.5,5,0.0308738787476499,0,0.0308738787476499,0.0308738787476499,NA
"322",0.255,0.99,3.755,5.5,5,1.55331514652538,0,1.55331514652538,1.55331514652538,NA
"323",0.5,0.99,3.755,5.5,5,1.44153004528488,0,1.44153004528488,1.44153004528488,NA
"324",0.745,0.99,3.755,5.5,5,3.17075169726495,0,3.17075169726495,3.17075169726495,NA
"325",0.99,0.99,3.755,5.5,5,3.91573984801915,0,3.91573984801915,3.91573984801915,NA
"326",0.01,0.01,5.6275,5.5,5,0.0109305940292184,0,0.0109305940292184,0.0109305940292184,NA
"327",0.255,0.01,5.6275,5.5,5,0.500981425468396,0,0.500981425468396,0.500981425468396,NA
"328",0.5,0.01,5.6275,5.5,5,0.292535995212103,0,0.292535995212103,0.292535995212103,NA
"329",0.745,0.01,5.6275,5.5,5,0.3965583904481,0,0.3965583904481,0.3965583904481,NA
"330",0.99,0.01,5.6275,5.5,5,0.893392916769334,0,0.893392916769334,0.893392916769334,NA
"331",0.01,0.255,5.6275,5.5,5,0.062121110806181,0,0.062121110806181,0.062121110806181,NA
"332",0.255,0.255,5.6275,5.5,5,1.45196274554384,0,1.45196274554384,1.45196274554384,NA
"333",0.5,0.255,5.6275,5.5,5,1.40880234221951,0,1.40880234221951,1.40880234221951,NA
"334",0.745,0.255,5.6275,5.5,5,2.92518397180463,0,2.92518397180463,2.92518397180463,NA
"335",0.99,0.255,5.6275,5.5,5,3.84599962598187,0,3.84599962598187,3.84599962598187,NA
"336",0.01,0.5,5.6275,5.5,5,0.0395976064913723,0,0.0395976064913723,0.0395976064913723,NA
"337",0.255,0.5,5.6275,5.5,5,1.18049769081145,0,1.18049769081145,1.18049769081145,NA
"338",0.5,0.5,5.6275,5.5,5,1.45446030305358,0,1.45446030305358,1.45446030305358,NA
"339",0.745,0.5,5.6275,5.5,5,3.12161948676535,0,3.12161948676535,3.12161948676535,NA
"340",0.99,0.5,5.6275,5.5,5,3.90433031498886,0,3.90433031498886,3.90433031498886,NA
"341",0.01,0.745,5.6275,5.5,5,0.031513817611595,0,0.031513817611595,0.031513817611595,NA
"342",0.255,0.745,5.6275,5.5,5,1.36039633405912,0,1.36039633405912,1.36039633405912,NA
"343",0.5,0.745,5.6275,5.5,5,1.53420760625241,0,1.53420760625241,1.53420760625241,NA
"344",0.745,0.745,5.6275,5.5,5,3.17840871854836,0,3.17840871854836,3.17840871854836,NA
"345",0.99,0.745,5.6275,5.5,5,3.91696159363615,0,3.91696159363615,3.91696159363615,NA
"346",0.01,0.99,5.6275,5.5,5,0.0272015373436729,0,0.0272015373436729,0.0272015373436729,NA
"347",0.255,0.99,5.6275,5.5,5,1.33825082139673,0,1.33825082139673,1.33825082139673,NA
"348",0.5,0.99,5.6275,5.5,5,1.70136632697047,0,1.70136632697047,1.70136632697047,NA
"349",0.745,0.99,5.6275,5.5,5,3.22490007340684,0,3.22490007340684,3.22490007340684,NA
"350",0.99,0.99,5.6275,5.5,5,3.9257199950487,0,3.9257199950487,3.9257199950487,NA
"351",0.01,0.01,7.5,5.5,5,0.0106646873819642,0,0.0106646873819642,0.0106646873819642,NA
"352",0.255,0.01,7.5,5.5,5,0.51232922632134,0,0.51232922632134,0.51232922632134,NA
"353",0.5,0.01,7.5,5.5,5,0.320018894954607,0,0.320018894954607,0.320018894954607,NA
"354",0.745,0.01,7.5,5.5,5,0.255568490619331,0,0.255568490619331,0.255568490619331,NA
"355",0.99,0.01,7.5,5.5,5,1.35725974359735,0,1.35725974359735,1.35725974359735,NA
"356",0.01,0.255,7.5,5.5,5,0.0612377394320363,0,0.0612377394320363,0.0612377394320363,NA
"357",0.255,0.255,7.5,5.5,5,1.27737635898614,0,1.27737635898614,1.27737635898614,NA
"358",0.5,0.255,7.5,5.5,5,1.49259981303393,0,1.49259981303393,1.49259981303393,NA
"359",0.745,0.255,7.5,5.5,5,2.89845075341356,0,2.89845075341356,2.89845075341356,NA
"360",0.99,0.255,7.5,5.5,5,3.85907241027341,0,3.85907241027341,3.85907241027341,NA
"361",0.01,0.5,7.5,5.5,5,0.0378147988443531,0,0.0378147988443531,0.0378147988443531,NA
"362",0.255,0.5,7.5,5.5,5,1.34181088208914,0,1.34181088208914,1.34181088208914,NA
"363",0.5,0.5,7.5,5.5,5,1.48678612284659,0,1.48678612284659,1.48678612284659,NA
"364",0.745,0.5,7.5,5.5,5,3.12681351745119,0,3.12681351745119,3.12681351745119,NA
"365",0.99,0.5,7.5,5.5,5,3.9113745418661,0,3.9113745418661,3.9113745418661,NA
"366",0.01,0.745,7.5,5.5,5,0.0292166115582053,0,0.0292166115582053,0.0292166115582053,NA
"367",0.255,0.745,7.5,5.5,5,1.5218673405258,0,1.5218673405258,1.5218673405258,NA
"368",0.5,0.745,7.5,5.5,5,1.69737524395797,0,1.69737524395797,1.69737524395797,NA
"369",0.745,0.745,7.5,5.5,5,3.22252913130091,0,3.22252913130091,3.22252913130091,NA
"370",0.99,0.745,7.5,5.5,5,3.92553220565471,0,3.92553220565471,3.92553220565471,NA
"371",0.01,0.99,7.5,5.5,5,0.0241476384223105,0,0.0241476384223105,0.0241476384223105,NA
"372",0.255,0.99,7.5,5.5,5,1.82640914815467,0,1.82640914815467,1.82640914815467,NA
"373",0.5,0.99,7.5,5.5,5,2.07944581434013,0,2.07944581434013,2.07944581434013,NA
"374",0.745,0.99,7.5,5.5,5,3.25507822974403,0,3.25507822974403,3.25507822974403,NA
"375",0.99,0.99,7.5,5.5,5,3.93372933890259,0,3.93372933890259,3.93372933890259,NA
"376",0.01,0.01,0.01,7.75,5,0.000283687421408052,0,0.000283687421408052,0.000283687421408052,NA
"377",0.255,0.01,0.01,7.75,5,0.0012810254951936,0,0.0012810254951936,0.0012810254951936,NA
"378",0.5,0.01,0.01,7.75,5,0.000477238388154166,0,0.000477238388154166,0.000477238388154166,NA
"379",0.745,0.01,0.01,7.75,5,0.000312295550077391,0,0.000312295550077391,0.000312295550077391,NA
"380",0.99,0.01,0.01,7.75,5,0.000152199765590888,0,0.000152199765590888,0.000152199765590888,NA
"381",0.01,0.255,0.01,7.75,5,0.00693670216423015,0,0.00693670216423015,0.00693670216423015,NA
"382",0.255,0.255,0.01,7.75,5,0.0308646554741101,0,0.0308646554741101,0.0308646554741101,NA
"383",0.5,0.255,0.01,7.75,5,0.0119414099773942,0,0.0119414099773942,0.0119414099773942,NA
"384",0.745,0.255,0.01,7.75,5,0.00799438795546448,0,0.00799438795546448,0.00799438795546448,NA
"385",0.99,0.255,0.01,7.75,5,0.00424071648304269,0,0.00424071648304269,0.00424071648304269,NA
"386",0.01,0.5,0.01,7.75,5,0.0130349442210578,0,0.0130349442210578,0.0130349442210578,NA
"387",0.255,0.5,0.01,7.75,5,0.057266505052441,0,0.057266505052441,0.057266505052441,NA
"388",0.5,0.5,0.01,7.75,5,0.0229839411769828,0,0.0229839411769828,0.0229839411769828,NA
"389",0.745,0.5,0.01,7.75,5,0.0157367525739467,0,0.0157367525739467,0.0157367525739467,NA
"390",0.99,0.5,0.01,7.75,5,0.00903160486844801,0,0.00903160486844801,0.00903160486844801,NA
"391",0.01,0.745,0.01,7.75,5,0.0186064534361374,0,0.0186064534361374,0.0186064534361374,NA
"392",0.255,0.745,0.01,7.75,5,0.0808571561805662,0,0.0808571561805662,0.0808571561805662,NA
"393",0.5,0.745,0.01,7.75,5,0.033627959162865,0,0.033627959162865,0.033627959162865,NA
"394",0.745,0.745,0.01,7.75,5,0.0235408207121173,0,0.0235408207121173,0.0235408207121173,NA
"395",0.99,0.745,0.01,7.75,5,0.0145384773191488,0,0.0145384773191488,0.0145384773191488,NA
"396",0.01,0.99,0.01,7.75,5,0.0236824721741078,0,0.0236824721741078,0.0236824721741078,NA
"397",0.255,0.99,0.01,7.75,5,0.101960082890257,0,0.101960082890257,0.101960082890257,NA
"398",0.5,0.99,0.01,7.75,5,0.0438947171658051,0,0.0438947171658051,0.0438947171658051,NA
"399",0.745,0.99,0.01,7.75,5,0.0314080010575093,0,0.0314080010575093,0.0314080010575093,NA
"400",0.99,0.99,0.01,7.75,5,0.0207709768250188,0,0.0207709768250188,0.0207709768250188,NA
"401",0.01,0.01,1.8825,7.75,5,0.00692659206565094,0,0.00692659206565094,0.00692659206565094,NA
"402",0.255,0.01,1.8825,7.75,5,0.0788309789507613,0,0.0788309789507613,0.0788309789507613,NA
"403",0.5,0.01,1.8825,7.75,5,0.0722332285876091,0,0.0722332285876091,0.0722332285876091,NA
"404",0.745,0.01,1.8825,7.75,5,0.29433723946156,0,0.29433723946156,0.29433723946156,NA
"405",0.99,0.01,1.8825,7.75,5,0.68315999551354,0,0.68315999551354,0.68315999551354,NA
"406",0.01,0.255,1.8825,7.75,5,0.0365686355755814,0,0.0365686355755814,0.0365686355755814,NA
"407",0.255,0.255,1.8825,7.75,5,0.580151292908759,0,0.580151292908759,0.580151292908759,NA
"408",0.5,0.255,1.8825,7.75,5,0.684055479840721,0,0.684055479840721,0.684055479840721,NA
"409",0.745,0.255,1.8825,7.75,5,2.82892111315185,0,2.82892111315185,2.82892111315185,NA
"410",0.99,0.255,1.8825,7.75,5,3.81087641548759,0,3.81087641548759,3.81087641548759,NA
"411",0.01,0.5,1.8825,7.75,5,0.0228746649477216,0,0.0228746649477216,0.0228746649477216,NA
"412",0.255,0.5,1.8825,7.75,5,0.621535473650074,0,0.621535473650074,0.621535473650074,NA
"413",0.5,0.5,1.8825,7.75,5,0.71413059732041,0,0.71413059732041,0.71413059732041,NA
"414",0.745,0.5,1.8825,7.75,5,3.10441482545644,0,3.10441482545644,3.10441482545644,NA
"415",0.99,0.5,1.8825,7.75,5,3.89648733771268,0,3.89648733771268,3.89648733771268,NA
"416",0.01,0.745,1.8825,7.75,5,0.0182469855215983,0,0.0182469855215983,0.0182469855215983,NA
"417",0.255,0.745,1.8825,7.75,5,0.702152593518496,0,0.702152593518496,0.702152593518496,NA
"418",0.5,0.745,1.8825,7.75,5,0.722837147297221,0,0.722837147297221,0.722837147297221,NA
"419",0.745,0.745,1.8825,7.75,5,3.16036612566831,0,3.16036612566831,3.16036612566831,NA
"420",0.99,0.745,1.8825,7.75,5,3.90896860101732,0,3.90896860101732,3.90896860101732,NA
"421",0.01,0.99,1.8825,7.75,5,0.0163953590957628,0,0.0163953590957628,0.0163953590957628,NA
"422",0.255,0.99,1.8825,7.75,5,0.789013965704738,0,0.789013965704738,0.789013965704738,NA
"423",0.5,0.99,1.8825,7.75,5,0.777609330810999,0,0.777609330810999,0.777609330810999,NA
"424",0.745,0.99,1.8825,7.75,5,3.19133045971217,0,3.19133045971217,3.19133045971217,NA
"425",0.99,0.99,1.8825,7.75,5,3.91473068099629,0,3.91473068099629,3.91473068099629,NA
"426",0.01,0.01,3.755,7.75,5,0.00695416489938538,0,0.00695416489938538,0.00695416489938538,NA
"427",0.255,0.01,3.755,7.75,5,0.486917762100884,0,0.486917762100884,0.486917762100884,NA
"428",0.5,0.01,3.755,7.75,5,0.101072383733984,0,0.101072383733984,0.101072383733984,NA
"429",0.745,0.01,3.755,7.75,5,0.340186690395817,0,0.340186690395817,0.340186690395817,NA
"430",0.99,0.01,3.755,7.75,5,0.797535544927089,0,0.797535544927089,0.797535544927089,NA
"431",0.01,0.255,3.755,7.75,5,0.0331904344933918,0,0.0331904344933918,0.0331904344933918,NA
"432",0.255,0.255,3.755,7.75,5,1.10210483630981,0,1.10210483630981,1.10210483630981,NA
"433",0.5,0.255,3.755,7.75,5,0.912352660901904,0,0.912352660901904,0.912352660901904,NA
"434",0.745,0.255,3.755,7.75,5,2.91899363242232,0,2.91899363242232,2.91899363242232,NA
"435",0.99,0.255,3.755,7.75,5,3.84083393483528,0,3.84083393483528,3.84083393483528,NA
"436",0.01,0.5,3.755,7.75,5,0.0192086369125202,0,0.0192086369125202,0.0192086369125202,NA
"437",0.255,0.5,3.755,7.75,5,1.09195548989615,0,1.09195548989615,1.09195548989615,NA
"438",0.5,0.5,3.755,7.75,5,0.952611280519072,0,0.952611280519072,0.952611280519072,NA
"439",0.745,0.5,3.755,7.75,5,3.15755377055353,0,3.15755377055353,3.15755377055353,NA
"440",0.99,0.5,3.755,7.75,5,3.90650820362838,0,3.90650820362838,3.90650820362838,NA
"441",0.01,0.745,3.755,7.75,5,0.0150412199922594,0,0.0150412199922594,0.0150412199922594,NA
"442",0.255,0.745,3.755,7.75,5,1.13468678846676,0,1.13468678846676,1.13468678846676,NA
"443",0.5,0.745,3.755,7.75,5,0.96464401191661,0,0.96464401191661,0.96464401191661,NA
"444",0.745,0.745,3.755,7.75,5,3.20789255675091,0,3.20789255675091,3.20789255675091,NA
"445",0.99,0.745,3.755,7.75,5,3.91711446159525,0,3.91711446159525,3.91711446159525,NA
"446",0.01,0.99,3.755,7.75,5,0.0130438861863871,0,0.0130438861863871,0.0130438861863871,NA
"447",0.255,0.99,3.755,7.75,5,1.28216846839314,0,1.28216846839314,1.28216846839314,NA
"448",0.5,0.99,3.755,7.75,5,1.02900275352887,0,1.02900275352887,1.02900275352887,NA
"449",0.745,0.99,3.755,7.75,5,3.24016949568898,0,3.24016949568898,3.24016949568898,NA
"450",0.99,0.99,3.755,7.75,5,3.92285560571054,0,3.92285560571054,3.92285560571054,NA
"451",0.01,0.01,5.6275,7.75,5,0.00670364237645171,0,0.00670364237645171,0.00670364237645171,NA
"452",0.255,0.01,5.6275,7.75,5,0.592421748806795,0,0.592421748806795,0.592421748806795,NA
"453",0.5,0.01,5.6275,7.75,5,0.305611500907971,0,0.305611500907971,0.305611500907971,NA
"454",0.745,0.01,5.6275,7.75,5,0.401200100343072,0,0.401200100343072,0.401200100343072,NA
"455",0.99,0.01,5.6275,7.75,5,0.936372041618957,0,0.936372041618957,0.936372041618957,NA
"456",0.01,0.255,5.6275,7.75,5,0.0325275733479038,0,0.0325275733479038,0.0325275733479038,NA
"457",0.255,0.255,5.6275,7.75,5,1.34983602334643,0,1.34983602334643,1.34983602334643,NA
"458",0.5,0.255,5.6275,7.75,5,1.03842928706197,0,1.03842928706197,1.03842928706197,NA
"459",0.745,0.255,5.6275,7.75,5,2.97480445862578,0,2.97480445862578,2.97480445862578,NA
"460",0.99,0.255,5.6275,7.75,5,3.85833789470329,0,3.85833789470329,3.85833789470329,NA
"461",0.01,0.5,5.6275,7.75,5,0.0179502815034669,0,0.0179502815034669,0.0179502815034669,NA
"462",0.255,0.5,5.6275,7.75,5,1.23752254959587,0,1.23752254959587,1.23752254959587,NA
"463",0.5,0.5,5.6275,7.75,5,1.09467406663547,0,1.09467406663547,1.09467406663547,NA
"464",0.745,0.5,5.6275,7.75,5,3.18833025633661,0,3.18833025633661,3.18833025633661,NA
"465",0.99,0.5,5.6275,7.75,5,3.91337314424776,0,3.91337314424776,3.91337314424776,NA
"466",0.01,0.745,5.6275,7.75,5,0.0134409022491486,0,0.0134409022491486,0.0134409022491486,NA
"467",0.255,0.745,5.6275,7.75,5,1.25973117699611,0,1.25973117699611,1.25973117699611,NA
"468",0.5,0.745,5.6275,7.75,5,1.18232149175197,0,1.18232149175197,1.18232149175197,NA
"469",0.745,0.745,5.6275,7.75,5,3.24601793679132,0,3.24601793679132,3.24601793679132,NA
"470",0.99,0.745,5.6275,7.75,5,3.92400169872989,0,3.92400169872989,3.92400169872989,NA
"471",0.01,0.99,5.6275,7.75,5,0.0108630504283092,0,0.0108630504283092,0.0108630504283092,NA
"472",0.255,0.99,5.6275,7.75,5,1.43316144361254,0,1.43316144361254,1.43316144361254,NA
"473",0.5,0.99,5.6275,7.75,5,1.27436220710681,0,1.27436220710681,1.27436220710681,NA
"474",0.745,0.99,5.6275,7.75,5,3.28607800143393,0,3.28607800143393,3.28607800143393,NA
"475",0.99,0.99,5.6275,7.75,5,3.930200637063,0,3.930200637063,3.930200637063,NA
"476",0.01,0.01,7.5,7.75,5,0.0067978018112429,0,0.0067978018112429,0.0067978018112429,NA
"477",0.255,0.01,7.5,7.75,5,0.66343469013413,0,0.66343469013413,0.66343469013413,NA
"478",0.5,0.01,7.5,7.75,5,0.254408874766684,0,0.254408874766684,0.254408874766684,NA
"479",0.745,0.01,7.5,7.75,5,0.579935598764324,0,0.579935598764324,0.579935598764324,NA
"480",0.99,0.01,7.5,7.75,5,1.39842625103362,0,1.39842625103362,1.39842625103362,NA
"481",0.01,0.255,7.5,7.75,5,0.0495103686978862,0,0.0495103686978862,0.0495103686978862,NA
"482",0.255,0.255,7.5,7.75,5,1.52172010607286,0,1.52172010607286,1.52172010607286,NA
"483",0.5,0.255,7.5,7.75,5,1.21039617248474,0,1.21039617248474,1.21039617248474,NA
"484",0.745,0.255,7.5,7.75,5,2.8861500645375,0,2.8861500645375,2.8861500645375,NA
"485",0.99,0.255,7.5,7.75,5,3.86874710800362,0,3.86874710800362,3.86874710800362,NA
"486",0.01,0.5,7.5,7.75,5,0.0284419743195718,0,0.0284419743195718,0.0284419743195718,NA
"487",0.255,0.5,7.5,7.75,5,1.40815045396621,0,1.40815045396621,1.40815045396621,NA
"488",0.5,0.5,7.5,7.75,5,0.904963691040856,0,0.904963691040856,0.904963691040856,NA
"489",0.745,0.5,7.5,7.75,5,3.14880033229041,0,3.14880033229041,3.14880033229041,NA
"490",0.99,0.5,7.5,7.75,5,3.91882239009093,0,3.91882239009093,3.91882239009093,NA
"491",0.01,0.745,7.5,7.75,5,0.0177583740872689,0,0.0177583740872689,0.0177583740872689,NA
"492",0.255,0.745,7.5,7.75,5,1.36097406203734,0,1.36097406203734,1.36097406203734,NA
"493",0.5,0.745,7.5,7.75,5,1.11700216329934,0,1.11700216329934,1.11700216329934,NA
"494",0.745,0.745,7.5,7.75,5,3.26585825093085,0,3.26585825093085,3.26585825093085,NA
"495",0.99,0.745,7.5,7.75,5,3.9300843186102,0,3.9300843186102,3.9300843186102,NA
"496",0.01,0.99,7.5,7.75,5,0.013424510912011,0,0.013424510912011,0.013424510912011,NA
"497",0.255,0.99,7.5,7.75,5,1.37932123359244,0,1.37932123359244,1.37932123359244,NA
"498",0.5,0.99,7.5,7.75,5,1.47003727742333,0,1.47003727742333,1.47003727742333,NA
"499",0.745,0.99,7.5,7.75,5,3.30857850574615,0,3.30857850574615,3.30857850574615,NA
"500",0.99,0.99,7.5,7.75,5,3.93564378274968,0,3.93564378274968,3.93564378274968,NA
"501",0.01,0.01,0.01,10,5,0.00029669592415571,0,0.00029669592415571,0.00029669592415571,NA
"502",0.255,0.01,0.01,10,5,0.0010921828185686,0,0.0010921828185686,0.0010921828185686,NA
"503",0.5,0.01,0.01,10,5,0.000367197112895123,0,0.000367197112895123,0.000367197112895123,NA
"504",0.745,0.01,0.01,10,5,0.000234504161269466,0,0.000234504161269466,0.000234504161269466,NA
"505",0.99,0.01,0.01,10,5,4.90163866455617e-05,0,4.90163866455617e-05,4.90163866455617e-05,NA
"506",0.01,0.255,0.01,10,5,0.00712344451480451,0,0.00712344451480451,0.00712344451480451,NA
"507",0.255,0.255,0.01,10,5,0.0260180061002888,0,0.0260180061002888,0.0260180061002888,NA
"508",0.5,0.255,0.01,10,5,0.00918353461882759,0,0.00918353461882759,0.00918353461882759,NA
"509",0.745,0.255,0.01,10,5,0.00606086795062533,0,0.00606086795062533,0.00606086795062533,NA
"510",0.99,0.255,0.01,10,5,0.00172638927567448,0,0.00172638927567448,0.00172638927567448,NA
"511",0.01,0.5,0.01,10,5,0.0131440716821674,0,0.0131440716821674,0.0131440716821674,NA
"512",0.255,0.5,0.01,10,5,0.0477486297358523,0,0.0477486297358523,0.0477486297358523,NA
"513",0.5,0.5,0.01,10,5,0.0176674444597549,0,0.0176674444597549,0.0176674444597549,NA
"514",0.745,0.5,0.01,10,5,0.012040434840721,0,0.012040434840721,0.012040434840721,NA
"515",0.99,0.5,0.01,10,5,0.00438135684108998,0,0.00438135684108998,0.00438135684108998,NA
"516",0.01,0.745,0.01,10,5,0.0184274370644397,0,0.0184274370644397,0.0184274370644397,NA
"517",0.255,0.745,0.01,10,5,0.0667113860099999,0,0.0667113860099999,0.0667113860099999,NA
"518",0.5,0.745,0.01,10,5,0.0258374059657851,0,0.0258374059657851,0.0258374059657851,NA
"519",0.745,0.745,0.01,10,5,0.0181696944341483,0,0.0181696944341483,0.0181696944341483,NA
"520",0.99,0.745,0.01,10,5,0.008093009275421,0,0.008093009275421,0.008093009275421,NA
"521",0.01,0.99,0.01,10,5,0.023044100863266,0,0.023044100863266,0.023044100863266,NA
"522",0.255,0.99,0.01,10,5,0.0832739811471646,0,0.0832739811471646,0.0832739811471646,NA
"523",0.5,0.99,0.01,10,5,0.0337103791614426,0,0.0337103791614426,0.0337103791614426,NA
"524",0.745,0.99,0.01,10,5,0.0244452827867407,0,0.0244452827867407,0.0244452827867407,NA
"525",0.99,0.99,0.01,10,5,0.0129240818981557,0,0.0129240818981557,0.0129240818981557,NA
"526",0.01,0.01,1.8825,10,5,0.00511596588560415,0,0.00511596588560415,0.00511596588560415,NA
"527",0.255,0.01,1.8825,10,5,0.0918205254181947,0,0.0918205254181947,0.0918205254181947,NA
"528",0.5,0.01,1.8825,10,5,0.0560641413206056,0,0.0560641413206056,0.0560641413206056,NA
"529",0.745,0.01,1.8825,10,5,0.303525145086943,0,0.303525145086943,0.303525145086943,NA
"530",0.99,0.01,1.8825,10,5,0.712081786235204,0,0.712081786235204,0.712081786235204,NA
"531",0.01,0.255,1.8825,10,5,0.0234572705963703,0,0.0234572705963703,0.0234572705963703,NA
"532",0.255,0.255,1.8825,10,5,0.620698882321718,0,0.620698882321718,0.620698882321718,NA
"533",0.5,0.255,1.8825,10,5,0.52672234031287,0,0.52672234031287,0.52672234031287,NA
"534",0.745,0.255,1.8825,10,5,2.8786161140895,0,2.8786161140895,2.8786161140895,NA
"535",0.99,0.255,1.8825,10,5,3.82534790924762,0,3.82534790924762,3.82534790924762,NA
"536",0.01,0.5,1.8825,10,5,0.0135055103635007,0,0.0135055103635007,0.0135055103635007,NA
"537",0.255,0.5,1.8825,10,5,0.629335513313692,0,0.629335513313692,0.629335513313692,NA
"538",0.5,0.5,1.8825,10,5,0.548007057758093,0,0.548007057758093,0.548007057758093,NA
"539",0.745,0.5,1.8825,10,5,3.15534592859795,0,3.15534592859795,3.15534592859795,NA
"540",0.99,0.5,1.8825,10,5,3.90553770957163,0,3.90553770957163,3.90553770957163,NA
"541",0.01,0.745,1.8825,10,5,0.0106770643555394,0,0.0106770643555394,0.0106770643555394,NA
"542",0.255,0.745,1.8825,10,5,0.670101419973808,0,0.670101419973808,0.670101419973808,NA
"543",0.5,0.745,1.8825,10,5,0.550102617371055,0,0.550102617371055,0.550102617371055,NA
"544",0.745,0.745,1.8825,10,5,3.20569624921994,0,3.20569624921994,3.20569624921994,NA
"545",0.99,0.745,1.8825,10,5,3.91642141515174,0,3.91642141515174,3.91642141515174,NA
"546",0.01,0.99,1.8825,10,5,0.00959195223952736,0,0.00959195223952736,0.00959195223952736,NA
"547",0.255,0.99,1.8825,10,5,0.730450890452278,0,0.730450890452278,0.730450890452278,NA
"548",0.5,0.99,1.8825,10,5,0.586343895110822,0,0.586343895110822,0.586343895110822,NA
"549",0.745,0.99,1.8825,10,5,3.22949242526436,0,3.22949242526436,3.22949242526436,NA
"550",0.99,0.99,1.8825,10,5,3.92072913283078,0,3.92072913283078,3.92072913283078,NA
"551",0.01,0.01,3.755,10,5,0.00502628722867304,0,0.00502628722867304,0.00502628722867304,NA
"552",0.255,0.01,3.755,10,5,0.527487248768171,0,0.527487248768171,0.527487248768171,NA
"553",0.5,0.01,3.755,10,5,0.0813159944822615,0,0.0813159944822615,0.0813159944822615,NA
"554",0.745,0.01,3.755,10,5,0.347997434303345,0,0.347997434303345,0.347997434303345,NA
"555",0.99,0.01,3.755,10,5,0.826249498935329,0,0.826249498935329,0.826249498935329,NA
"556",0.01,0.255,3.755,10,5,0.0218951487250529,0,0.0218951487250529,0.0218951487250529,NA
"557",0.255,0.255,3.755,10,5,1.08416761144781,0,1.08416761144781,1.08416761144781,NA
"558",0.5,0.255,3.755,10,5,0.767390892432233,0,0.767390892432233,0.767390892432233,NA
"559",0.745,0.255,3.755,10,5,2.95126242065416,0,2.95126242065416,2.95126242065416,NA
"560",0.99,0.255,3.755,10,5,3.85079715083525,0,3.85079715083525,3.85079715083525,NA
"561",0.01,0.5,3.755,10,5,0.0116774757312426,0,0.0116774757312426,0.0116774757312426,NA
"562",0.255,0.5,3.755,10,5,0.986102766340485,0,0.986102766340485,0.986102766340485,NA
"563",0.5,0.5,3.755,10,5,0.797063684685078,0,0.797063684685078,0.797063684685078,NA
"564",0.745,0.5,3.755,10,5,3.19528867137547,0,3.19528867137547,3.19528867137547,NA
"565",0.99,0.5,3.755,10,5,3.91318257980695,0,3.91318257980695,3.91318257980695,NA
"566",0.01,0.745,3.755,10,5,0.00889586896059047,0,0.00889586896059047,0.00889586896059047,NA
"567",0.255,0.745,3.755,10,5,0.971562943387087,0,0.971562943387087,0.971562943387087,NA
"568",0.5,0.745,3.755,10,5,0.801715960036819,0,0.801715960036819,0.801715960036819,NA
"569",0.745,0.745,3.755,10,5,3.2420863094646,0,3.2420863094646,3.2420863094646,NA
"570",0.99,0.745,3.755,10,5,3.92252791114786,0,3.92252791114786,3.92252791114786,NA
"571",0.01,0.99,3.755,10,5,0.00752380160744615,0,0.00752380160744615,0.00752380160744615,NA
"572",0.255,0.99,3.755,10,5,1.0175838307644,0,1.0175838307644,1.0175838307644,NA
"573",0.5,0.99,3.755,10,5,0.828305583100603,0,0.828305583100603,0.828305583100603,NA
"574",0.745,0.99,3.755,10,5,3.26782640132417,0,3.26782640132417,3.26782640132417,NA
"575",0.99,0.99,3.755,10,5,3.92695180996437,0,3.92695180996437,3.92695180996437,NA
"576",0.01,0.01,5.6275,10,5,0.00578710783690783,0,0.00578710783690783,0.00578710783690783,NA
"577",0.255,0.01,5.6275,10,5,0.629380633524861,0,0.629380633524861,0.629380633524861,NA
"578",0.5,0.01,5.6275,10,5,0.23423393174878,0,0.23423393174878,0.23423393174878,NA
"579",0.745,0.01,5.6275,10,5,0.422211982127885,0,0.422211982127885,0.422211982127885,NA
"580",0.99,0.01,5.6275,10,5,0.998143845318878,0,0.998143845318878,0.998143845318878,NA
"581",0.01,0.255,5.6275,10,5,0.0376063223073053,0,0.0376063223073053,0.0376063223073053,NA
"582",0.255,0.255,5.6275,10,5,1.27472560268951,0,1.27472560268951,1.27472560268951,NA
"583",0.5,0.255,5.6275,10,5,0.86057575379604,0,0.86057575379604,0.86057575379604,NA
"584",0.745,0.255,5.6275,10,5,3.00166338400534,0,3.00166338400534,3.00166338400534,NA
"585",0.99,0.255,5.6275,10,5,3.86584352647563,0,3.86584352647563,3.86584352647563,NA
"586",0.01,0.5,5.6275,10,5,0.0195480718504042,0,0.0195480718504042,0.0195480718504042,NA
"587",0.255,0.5,5.6275,10,5,1.09986435276558,0,1.09986435276558,1.09986435276558,NA
"588",0.5,0.5,5.6275,10,5,0.91508364857165,0,0.91508364857165,0.91508364857165,NA
"589",0.745,0.5,5.6275,10,5,3.22208900982116,0,3.22208900982116,3.22208900982116,NA
"590",0.99,0.5,5.6275,10,5,3.91867147061191,0,3.91867147061191,3.91867147061191,NA
"591",0.01,0.745,5.6275,10,5,0.0105975301674597,0,0.0105975301674597,0.0105975301674597,NA
"592",0.255,0.745,5.6275,10,5,1.04747046726505,0,1.04747046726505,1.04747046726505,NA
"593",0.5,0.745,5.6275,10,5,0.994671095905666,0,0.994671095905666,0.994671095905666,NA
"594",0.745,0.745,5.6275,10,5,3.274003539686,0,3.274003539686,3.274003539686,NA
"595",0.99,0.745,5.6275,10,5,3.92793550288768,0,3.92793550288768,3.92793550288768,NA
"596",0.01,0.99,5.6275,10,5,0.00800120101852198,0,0.00800120101852198,0.00800120101852198,NA
"597",0.255,0.99,5.6275,10,5,1.22814078024534,0,1.22814078024534,1.22814078024534,NA
"598",0.5,0.99,5.6275,10,5,1.17192590723999,0,1.17192590723999,1.17192590723999,NA
"599",0.745,0.99,5.6275,10,5,3.30508854712894,0,3.30508854712894,3.30508854712894,NA
"600",0.99,0.99,5.6275,10,5,3.93268555842302,0,3.93268555842302,3.93268555842302,NA
"601",0.01,0.01,7.5,10,5,0.0199576450142127,0,0.0199576450142127,0.0199576450142127,NA
"602",0.255,0.01,7.5,10,5,0.750329592420746,0,0.750329592420746,0.750329592420746,NA
"603",0.5,0.01,7.5,10,5,0.230425036542357,0,0.230425036542357,0.230425036542357,NA
"604",0.745,0.01,7.5,10,5,0.808413704733987,0,0.808413704733987,0.808413704733987,NA
"605",0.99,0.01,7.5,10,5,1.38483234462332,0,1.38483234462332,1.38483234462332,NA
"606",0.01,0.255,7.5,10,5,0.056763966732174,0,0.056763966732174,0.056763966732174,NA
"607",0.255,0.255,7.5,10,5,1.40195177205276,0,1.40195177205276,1.40195177205276,NA
"608",0.5,0.255,7.5,10,5,0.958904911877501,0,0.958904911877501,0.958904911877501,NA
"609",0.745,0.255,7.5,10,5,3.02163190407377,0,3.02163190407377,3.02163190407377,NA
"610",0.99,0.255,7.5,10,5,3.87496199977129,0,3.87496199977129,3.87496199977129,NA
"611",0.01,0.5,7.5,10,5,-0.0355278109520769,0,-0.0355278109520769,-0.0355278109520769,NA
"612",0.255,0.5,7.5,10,5,1.25445426821763,0,1.25445426821763,1.25445426821763,NA
"613",0.5,0.5,7.5,10,5,1.20953294088935,0,1.20953294088935,1.20953294088935,NA
"614",0.745,0.5,7.5,10,5,3.23099032837819,0,3.23099032837819,3.23099032837819,NA
"615",0.99,0.5,7.5,10,5,3.92309886415254,0,3.92309886415254,3.92309886415254,NA
"616",0.01,0.745,7.5,10,5,0.0699794555102289,0,0.0699794555102289,0.0699794555102289,NA
"617",0.255,0.745,7.5,10,5,0.456565227803184,0,0.456565227803184,0.456565227803184,NA
"618",0.5,0.745,7.5,10,5,0.707651745684259,0,0.707651745684259,0.707651745684259,NA
"619",0.745,0.745,7.5,10,5,3.30368227311452,0,3.30368227311452,3.30368227311452,NA
"620",0.99,0.745,7.5,10,5,3.93260700811668,0,3.93260700811668,3.93260700811668,NA
"621",0.01,0.99,7.5,10,5,-0.0272882287198246,0,-0.0272882287198246,-0.0272882287198246,NA
"622",0.255,0.99,7.5,10,5,0.74910903034622,0,0.74910903034622,0.74910903034622,NA
"623",0.5,0.99,7.5,10,5,1.08409951641333,0,1.08409951641333,1.08409951641333,NA
"624",0.745,0.99,7.5,10,5,3.33366873170963,0,3.33366873170963,3.33366873170963,NA
"625",0.99,0.99,7.5,10,5,3.93677976353942,0,3.93677976353942,3.93677976353942,NA
